ID,FMC
1,391.7
2,385.7
3,381.4
4,380
5,380
6,373.3
7,372
8,368.8
9,361.5
10,361.4
11,360
12,359.5
13,357.9
14,356.7
15,354.8
16,354.2
17,353.5
18,350
19,348.6
20,346.2
21,345.9
22,345.5
23,345.5
24,343.6
25,342.9
26,342.9
27,340
28,332.4
29,332
30,328.3
31,327.8
32,327.5
33,326.9
34,326.9
35,326.8
36,325.6
37,325
38,325
39,320
40,320
41,320
42,318.9
43,318.9
44,317.1
45,317
46,315.1
47,313.6
48,312.9
49,312.8
50,312.2
51,310.8
52,310.2
53,310
54,309.5
55,309.3
56,309.1
57,309.1
58,308.8
59,308
60,307.4
61,307.3
62,307
63,306.1
64,306
65,305.9
66,303.8
67,302.9
68,302.7
69,302.6
70,302.4
71,302
72,300
73,300
74,300
75,300
76,300
77,298
78,297.9
79,297.8
80,297.8
81,297.6
82,297.1
83,294.4
84,293.6
85,292.9
86,292.5
87,292.2
88,291.7
89,291.7
90,291.4
91,291.3
92,290
93,288.9
94,288.5
95,287.5
96,287.3
97,286.8
98,286.8
99,286.2
100,285.7
101,285.7
102,285
103,284.2
104,284.2
105,283.9
106,283.3
107,283.3
108,283.3
109,282.6
110,281.8
111,281.8
112,281.6
113,281.4
114,281.1
115,281.1
116,281
117,280
118,280
119,279.2
120,278.6
121,278.4
122,278.4
123,278.2
124,277.8
125,277.8
126,277.6
127,276.9
128,276.9
129,276.7
130,276.5
131,276.5
132,276.4
133,276.3
134,276.2
135,276
136,275.8
137,275.5
138,274.6
139,274.6
140,274.5
141,274.3
142,273.3
143,273.3
144,272.7
145,272.2
146,272
147,271.7
148,271.4
149,271
150,270.8
151,270.2
152,270
153,269.8
154,269.7
155,269.6
156,268.6
157,268.3
158,268.2
159,267.7
160,267.6
161,266.7
162,266.7
163,266
164,265.4
165,265.2
166,265.1
167,264.9
168,264.5
169,263.9
170,263.2
171,262.5
172,262.5
173,261.9
174,261.9
175,261.8
176,260.8
177,260.4
178,260
179,260
180,260
181,259.6
182,259.2
183,259
184,259
185,258.1
186,258.1
187,257.9
188,257.9
189,257.6
190,257.6
191,257.1
192,256.5
193,256.4
194,255.9
195,255.9
196,255
197,254.9
198,254.7
199,254.5
200,254.5
201,253.8
202,253.8
203,253.2
204,253
205,252.4
206,251.7
207,251.6
208,250.8
209,250.7
210,250
211,249
212,248.9
213,248.6
214,247.7
215,247.6
216,247.5
217,247.5
218,246.9
219,246.7
220,245.5
221,245.5
222,245.5
223,245.3
224,245
225,244.9
226,244.8
227,244.7
228,244.6
229,244.4
230,244
231,243.9
232,243.8
233,243.8
234,243.6
235,243.5
236,243.3
237,242.9
238,242.9
239,242.4
240,242.1
241,242.1
242,242
243,241.9
244,241.2
245,240.9
246,240.9
247,240.6
248,240.6
249,240
250,239.7
251,238.9
252,238.8
253,238.5
254,238.5
255,238.1
256,237.3
257,237
258,237
259,236.8
260,236.7
261,236.5
262,236.4
263,236.4
264,236.2
265,236.2
266,236.1
267,235.9
268,235.5
269,235.1
270,234.8
271,234.6
272,234.5
273,233.9
274,233.8
275,233.3
276,233.3
277,232.9
278,232.8
279,232.8
280,232.6
281,232.4
282,232.1
283,232.1
284,231.3
285,231
286,230.8
287,230.6
288,230.2
289,230.2
290,230.2
291,230
292,230
293,229.8
294,229.7
295,229.6
296,229.6
297,229.4
298,229.3
299,229.3
300,229.2
301,228.8
302,228.8
303,228.8
304,228.6
305,228.3
306,228.2
307,228.1
308,227.8
309,227.7
310,227.5
311,226.7
312,226.3
313,226.3
314,226.3
315,226
316,226
317,225.9
318,225.9
319,225.9
320,225.9
321,225.9
322,225.4
323,225
324,225
325,225
326,225
327,225
328,225
329,224.7
330,224.3
331,223.9
332,223.5
333,223.4
334,223.3
335,223.2
336,222.9
337,222.5
338,222.5
339,222.4
340,222.2
341,221.9
342,221.7
343,221.4
344,221.2
345,221.1
346,220.6
347,220.4
348,220
349,219.7
350,219.6
351,219.6
352,219.6
353,219.4
354,219
355,219
356,218.5
357,218.2
358,218.2
359,218.2
360,217.9
361,217.7
362,217.5
363,217.3
364,217.2
365,216.1
366,215.6
367,215.4
368,215.3
369,214.8
370,214.3
371,214.3
372,214.3
373,214.1
374,213.9
375,213.8
376,213.7
377,213.3
378,213.3
379,213.2
380,213
381,212.1
382,212.1
383,211.9
384,211.6
385,211.5
386,211.4
387,211.1
388,210.6
389,210.3
390,210.3
391,210.1
392,210.1
393,210
394,210
395,209.8
396,209.7
397,209.5
398,209.5
399,209.5
400,209.5
401,209.4
402,209.1
403,208.8
404,208.8
405,208.2
406,208.2
407,207.9
408,207.2
409,207
410,206.8
411,206.5
412,206.4
413,206.3
414,206.3
415,206.1
416,206
417,205.9
418,205.8
419,205.5
420,205.5
421,205
422,204.9
423,204.8
424,204.5
425,204.3
426,204.2
427,204
428,203.8
429,203.8
430,203.6
431,203.6
432,203.2
433,203.2
434,202.6
435,202.4
436,201.9
437,201.9
438,201.6
439,201.4
440,200
441,200
442,200
443,200
444,200
445,200
446,200
447,200
448,200
449,200
450,200
451,200
452,200
453,200
454,200
455,200
456,198.5
457,198.2
458,197.9
459,197.2
460,197.2
461,197.1
462,196.4
463,196.1
464,196
465,195.7
466,195.6
467,195.5
468,194.3
469,194.2
470,194
471,193.8
472,193.3
473,193.1
474,192.9
475,192.8
476,192.5
477,192.3
478,192.3
479,191.7
480,191.7
481,191.7
482,191.7
483,191.2
484,191.2
485,191.2
486,191
487,190.9
488,190.6
489,190.5
490,190.3
491,190.2
492,190.1
493,189.9
494,189.7
495,189.5
496,189.1
497,188.9
498,188.7
499,187.8
500,187.8
501,187.5
502,187.1
503,187
504,186.4
505,186
506,185.9
507,185.7
508,185.7
509,185.5
510,185.3
511,185.1
512,184.8
513,184.1
514,184
515,183.9
516,183.6
517,183.6
518,183.3
519,183.3
520,182.6
521,182.5
522,182.5
523,182.4
524,182.3
525,182.2
526,182.1
527,181.4
528,181.3
529,181.3
530,180.8
531,180.6
532,180.3
533,180
534,179.4
535,179.1
536,178.7
537,178.6
538,178.6
539,178.1
540,177.8
541,177.8
542,177.6
543,177.6
544,177.4
545,177.1
546,177.1
547,176.7
548,176.2
549,175.7
550,175.7
551,174.6
552,173.9
553,173.5
554,173.2
555,173.2
556,172.2
557,172.1
558,172
559,171.9
560,171.8
561,171.7
562,171.7
563,171.6
564,171.4
565,171.2
566,171
567,170.7
568,170.7
569,170.6
570,170
571,169.8
572,168.9
573,168.9
574,168.8
575,168.6
576,168.6
577,168.4
578,168.4
579,168.3
580,168.2
581,167.7
582,167.6
583,167.6
584,167.5
585,167.4
586,167.2
587,166.7
588,166.7
589,166.7
590,166.2
591,165.5
592,165.4
593,165.4
594,165
595,165
596,164.7
597,164.4
598,164.3
599,164.3
600,164.1
601,163.6
602,163.5
603,163.4
604,163.2
605,163
606,162.9
607,162.5
608,162.5
609,162
610,161.9
611,161.8
612,160.7
613,160.3
614,160
615,160
616,159.7
617,159.6
618,159.3
619,159
620,158.7
621,158.7
622,158.6
623,158.6
624,158.6
625,158.2
626,158.1
627,158
628,157.7
629,157.6
630,157.1
631,156.8
632,156.5
633,156.2
634,156.1
635,155.9
636,155.8
637,155.8
638,155.1
639,154.8
640,154.5
641,154.5
642,154.5
643,154.3
644,154.2
645,154.2
646,154.2
647,154.1
648,153.8
649,153.5
650,153.5
651,153.3
652,152.9
653,152.9
654,152.9
655,152.8
656,152.6
657,150.9
658,150
659,150
660,150
661,150
662,149.3
663,149
664,148.9
665,148.6
666,148.5
667,148.4
668,148
669,148
670,147.8
671,147.6
672,147.3
673,147.2
674,147.2
675,146.8
676,146.7
677,146.6
678,146.5
679,146.2
680,145.8
681,145.6
682,145.5
683,145.2
684,145
685,144.2
686,143.9
687,143.9
688,143.9
689,143.7
690,143.6
691,143.6
692,143.4
693,143.1
694,142.9
695,142.6
696,142.2
697,142
698,141.4
699,141.1
700,140.9
701,140.9
702,140.4
703,140.3
704,140.3
705,140
706,139.7
707,139.5
708,139.1
709,139
710,138.9
711,138.7
712,138.7
713,138.6
714,138.5
715,138.5
716,138.5
717,138.5
718,138.3
719,137.9
720,137.7
721,137.5
722,137.3
723,136.4
724,136.1
725,135.6
726,135.4
727,135.2
728,134.6
729,134.4
730,134
731,133.8
732,133.3
733,133.3
734,133.3
735,132.7
736,132.6
737,132.4
738,132.4
739,132.4
740,132.1
741,131.8
742,131.3
743,131.3
744,131
745,130.6
746,130.5
747,130.5
748,130.2
749,130.2
750,130
751,130
752,129.6
753,129.4
754,129.4
755,129.2
756,129.2
757,129.2
758,129
759,128.4
760,128.2
761,127.9
762,127.5
763,127.5
764,127.3
765,126.9
766,126.9
767,126.7
768,126.6
769,126.2
770,126.1
771,125.9
772,125.8
773,125.7
774,124.6
775,124.3
776,124.2
777,124.2
778,123.8
779,123
780,122.8
781,122.7
782,122.6
783,122.6
784,122.2
785,122.1
786,121.8
787,121.7
788,121.7
789,121.7
790,121.4
791,121.4
792,121.2
793,121.2
794,121.1
795,121.1
796,120.6
797,120.5
798,119.6
799,119.2
800,119.1
801,118.3
802,118
803,117.9
804,117.9
805,117.7
806,116.7
807,116.7
808,116.3
809,116.2
810,116
811,115.6
812,115.4
813,115.2
814,114.9
815,114.9
816,114.8
817,114.8
818,114.7
819,114.3
820,114.1
821,113.8
822,113.8
823,113.5
824,113.5
825,113.5
826,113.1
827,113
828,113
829,113
830,112.8
831,112.7
832,112.5
833,112
834,111.8
835,111.3
836,111.3
837,111.1
838,111.1
839,110.7
840,110.5
841,110.3
842,110.3
843,110.1
844,110
845,110
846,109.9
847,109.5
848,109.4
849,109.4
850,109.3
851,109.1
852,108.9
853,108.3
854,107.2
855,106.9
856,106.7
857,106.1
858,106
859,105.9
860,105.3
861,104.8
862,104.5
863,104.3
864,104.2
865,103.8
866,103.8
867,103.6
868,103.6
869,102.9
870,102.8
871,102.6
872,102.4
873,102.2
874,102.2
875,102.1
876,101.6
877,101.6
878,101.4
879,101.4
880,100
881,100
882,100
883,100
884,100
885,100
886,100
887,100
888,100
889,100
890,100
891,98.6
892,98.6
893,98.5
894,98.5
895,98.4
896,98.3
897,98.2
898,97.8
899,97.5
900,97.3
901,97.3
902,97.1
903,97.1
904,96.9
905,96.8
906,96.1
907,95.9
908,95.7
909,95.7
910,95.7
911,95.7
912,95.4
913,95.3
914,95.3
915,95.2
916,95.1
917,94.6
918,94.2
919,94.1
920,94
921,93.9
922,93.9
923,93.9
924,93.3
925,93.3
926,93.3
927,93.2
928,92.3
929,92.3
930,92.2
931,91.9
932,91.9
933,91.8
934,91.4
935,91.3
936,91.2
937,91
938,90.9
939,90
940,89.9
941,89.8
942,89.5
943,89.1
944,89
945,88.9
946,88.4
947,88.3
948,87.9
949,87.8
950,87.3
951,86.8
952,86.5
953,86.2
954,85.7
955,85.7
956,85.5
957,85.5
958,85.2
959,85.1
960,85
961,84.4
962,84.3
963,84.2
964,84.1
965,84
966,83.8
967,83.8
968,83.6
969,83.3
970,83.1
971,82.5
972,82.4
973,82.1
974,81.8
975,81.4
976,81.3
977,81.3
978,81.1
979,81
980,81
981,81
982,80.6
983,80.6
984,80.4
985,80.4
986,80
987,80
988,80
989,80
990,80
991,79.5
992,79.4
993,79.2
994,78.9
995,78.3
996,78
997,77.8
998,77.6
999,76.9
1000,76.7
1001,76.5
1002,76.4
1003,76.1
1004,75.6
1005,75.6
1006,75.5
1007,75
1008,75
1009,74.7
1010,74.5
1011,74.3
1012,74.2
1013,73.9
1014,73.8
1015,73.7
1016,73.3
1017,72.9
1018,72.9
1019,72.7
1020,72.6
1021,72.1
1022,71.9
1023,71.8
1024,71
1025,70.8
1026,70.8
1027,70.7
1028,70.7
1029,70.6
1030,70.4
1031,70.3
1032,69.6
1033,69
1034,68.5
1035,68.2
1036,68.1
1037,67.9
1038,67.6
1039,67.6
1040,67.5
1041,67.2
1042,67.2
1043,66.7
1044,66.7
1045,66.7
1046,66.2
1047,66.1
1048,66.1
1049,65.7
1050,65.5
1051,65.5
1052,64.9
1053,64.6
1054,64.3
1055,64.1
1056,63.8
1057,63.6
1058,63.3
1059,62.9
1060,62.5
1061,62.5
1062,62.3
1063,61.9
1064,61.7
1065,61.7
1066,61.4
1067,61.1
1068,60.9
1069,60.6
1070,60
1071,60
1072,60
1073,59.3
1074,58.8
1075,58.8
1076,58.8
1077,58.7
1078,57.4
1079,57.1
1080,56.9
1081,56.9
1082,56.8
1083,56.8
1084,56.5
1085,56.3
1086,56.1
1087,56
1088,55.6
1089,55.3
1090,55.1
1091,54.9
1092,54.7
1093,54.5
1094,54.5
1095,53.6
1096,53.2
1097,53.1
1098,53.1
1099,52.9
1100,52.2
1101,52.2
1102,51.7
1103,51.6
1104,51.6
1105,51.4
1106,51.1
1107,50.9
1108,50.8
1109,50
1110,50
1111,50
1112,49.3
1113,49.3
1114,49.2
1115,48.5
1116,48.2
1117,48.1
1118,47.9
1119,47.6
1120,47.4
1121,47.2
1122,47.1
1123,46.5
1124,46.4
1125,45.5
1126,45.2
1127,45.2
1128,44.6
1129,44.6
1130,44.4
1131,44.4
1132,44.3
1133,44.1
1134,43.8
1135,43.2
1136,42.9
1137,42.9
1138,42.6
1139,42.6
1140,42.4
1141,42.3
1142,42.3
1143,42.1
1144,41.9
1145,41.9
1146,41.8
1147,41.5
1148,41.4
1149,41.4
1150,40.9
1151,40.6
1152,40.4
1153,40.4
1154,40.3
1155,40
1156,40
1157,39.7
1158,39.6
1159,39.6
1160,39.5
1161,38.9
1162,38.6
1163,38.2
1164,37.9
1165,37.7
1166,37.5
1167,37.3
1168,36.9
1169,36.7
1170,36.6
1171,36.5
1172,36.5
1173,36.4
1174,36.4
1175,36
1176,35.8
1177,35.5
1178,35.4
1179,34.4
1180,34.4
1181,34.1
1182,33.3
1183,33.3
1184,33.3
1185,33.3
1186,32.8
1187,32.7
1188,32.5
1189,32.4
1190,31.8
1191,31.6
1192,31.1
1193,30.6
1194,30.2
1195,30.1
1196,30
1197,30
1198,29.8
1199,29.3
1200,28.9
1201,28.8
1202,28.8
1203,28.4
1204,28.3
1205,28.1
1206,28.1
1207,28
1208,27.9
1209,27.7
1210,27.3
1211,26.9
1212,26.3
1213,26.2
1214,26.1
1215,25.7
1216,25.4
1217,25.4
1218,25.4
1219,25
1220,25
1221,25
1222,24.5
1223,24.2
1224,23.9
1225,23.8
1226,23.8
1227,23.1
1228,23
1229,22.9
1230,22.7
1231,22.6
1232,21.9
1233,21.9
1234,21.9
1235,21.7
1236,21.4
1237,21.1
1238,20.8
1239,20.8
1240,20.8
1241,20.5
1242,20.5
1243,20.3
1244,20
1245,20
1246,20
1247,19.4
1248,19
1249,18.8
1250,18.5
1251,18.4
1252,18.2
1253,18.1
1254,17.6
1255,17.6
1256,17.5
1257,17.4
1258,16.7
1259,16.3
1260,16.3
1261,16.1
1262,15.9
1263,15.8
1264,15.6
1265,15.4
1266,15.3
1267,15.2
1268,14.5
1269,14.3
1270,13.8
1271,13.8
1272,13.7
1273,13.6
1274,13.6
1275,13.1
1276,13
1277,13
1278,12.7
1279,12.5
1280,12.5
1281,12.1
1282,12
1283,12
1284,11.9
1285,11.4
1286,11.3
1287,11.1
1288,10.9
1289,10.8
1290,10.6
1291,10
1292,9.4
1293,9.3
1294,8.9
1295,8.8
1296,8.6
1297,7.8
1298,7.8
1299,7.7
1300,7.5
1301,7.4
1302,7.3
1303,6.2
1304,6
1305,6
1306,5.9
1307,5.5
1308,5.4
1309,5.3
1310,5
1311,4.6
1312,4.4
1313,4.1
1314,4
1315,3.9
1316,3.7
1317,3.6
1318,3.4
1319,3.3
1320,2.9
1321,2.9
1322,2.6
1323,2.5
1324,2
1325,2
1326,2
1327,1.8
1328,1.7
1329,1.6
1330,1.5
1331,1.4
1332,309.2
1333,309.2
1334,309.2
1335,309.2
1336,309.2
1337,309.2
1338,309.2
1339,306
1340,306
1341,306
1342,306
1343,306
1344,306
1345,306
1346,305
1347,305
1348,305
1349,305
1350,305
1351,305
1352,305
1353,303.1
1354,303.1
1355,303.1
1356,303.1
1357,303.1
1358,303.1
1359,303.1
1360,300
1361,300
1362,300
1363,300
1364,300
1365,300
1366,300
1367,298
1368,298
1369,298
1370,298
1371,298
1372,298
1373,298
1374,296.9
1375,296.9
1376,296.9
1377,296.9
1378,296.9
1379,296.9
1380,296.9
1381,296.3
1382,296.3
1383,296.3
1384,296.3
1385,296.3
1386,296.3
1387,296.3
1388,291.3
1389,291.3
1390,291.3
1391,291.3
1392,291.3
1393,291.3
1394,291.3
1395,290.8
1396,290.8
1397,290.8
1398,290.8
1399,290.8
1400,290.8
1401,290.8
1402,290
1403,290
1404,290
1405,290
1406,290
1407,290
1408,290
1409,288.6
1410,288.6
1411,288.6
1412,288.6
1413,288.6
1414,288.6
1415,288.6
1416,286.3
1417,286.3
1418,286.3
1419,286.3
1420,286.3
1421,286.3
1422,286.3
1423,285
1424,285
1425,285
1426,285
1427,285
1428,285
1429,285
1430,284.6
1431,284.6
1432,284.6
1433,284.6
1434,284.6
1435,284.6
1436,284.6
1437,282
1438,282
1439,282
1440,282
1441,282
1442,282
1443,282
1444,281.3
1445,281.3
1446,281.3
1447,281.3
1448,281.3
1449,281.3
1450,281.3
1451,278.5
1452,278.5
1453,278.5
1454,278.5
1455,278.5
1456,278.5
1457,278.5
1458,277.1
1459,277.1
1460,277.1
1461,277.1
1462,277.1
1463,277.1
1464,277.1
1465,276.3
1466,276.3
1467,276.3
1468,276.3
1469,276.3
1470,276.3
1471,276.3
1472,274
1473,274
1474,274
1475,274
1476,274
1477,274
1478,274
1479,272.3
1480,272.3
1481,272.3
1482,272.3
1483,272.3
1484,272.3
1485,272.3
1486,271.3
1487,271.3
1488,271.3
1489,271.3
1490,271.3
1491,271.3
1492,271.3
1493,266.3
1494,266.3
1495,266.3
1496,266.3
1497,266.3
1498,266.3
1499,266.3
1500,266.2
1501,266.2
1502,266.2
1503,266.2
1504,266.2
1505,266.2
1506,266.2
1507,266
1508,266
1509,266
1510,266
1511,266
1512,266
1513,266
1514,265.7
1515,265.7
1516,265.7
1517,265.7
1518,265.7
1519,265.7
1520,265.7
1521,265
1522,265
1523,265
1524,265
1525,265
1526,265
1527,265
1528,261.3
1529,261.3
1530,261.3
1531,261.3
1532,261.3
1533,261.3
1534,261.3
1535,260
1536,260
1537,260
1538,260
1539,260
1540,260
1541,260
1542,258
1543,258
1544,258
1545,258
1546,258
1547,258
1548,258
1549,256.3
1550,256.3
1551,256.3
1552,256.3
1553,256.3
1554,256.3
1555,256.3
1556,254.3
1557,254.3
1558,254.3
1559,254.3
1560,254.3
1561,254.3
1562,254.3
1563,253.8
1564,253.8
1565,253.8
1566,253.8
1567,253.8
1568,253.8
1569,253.8
1570,251.3
1571,251.3
1572,251.3
1573,251.3
1574,251.3
1575,251.3
1576,251.3
1577,250
1578,250
1579,250
1580,250
1581,250
1582,250
1583,250
1584,247.7
1585,247.7
1586,247.7
1587,247.7
1588,247.7
1589,247.7
1590,247.7
1591,246.3
1592,246.3
1593,246.3
1594,246.3
1595,246.3
1596,246.3
1597,246.3
1598,245
1599,245
1600,245
1601,245
1602,245
1603,245
1604,245
1605,242.9
1606,242.9
1607,242.9
1608,242.9
1609,242.9
1610,242.9
1611,242.9
1612,242
1613,242
1614,242
1615,242
1616,242
1617,242
1618,242
1619,241.5
1620,241.5
1621,241.5
1622,241.5
1623,241.5
1624,241.5
1625,241.5
1626,241.3
1627,241.3
1628,241.3
1629,241.3
1630,241.3
1631,241.3
1632,241.3
1633,236.3
1634,236.3
1635,236.3
1636,236.3
1637,236.3
1638,236.3
1639,236.3
1640,235.4
1641,235.4
1642,235.4
1643,235.4
1644,235.4
1645,235.4
1646,235.4
1647,234
1648,234
1649,234
1650,234
1651,234
1652,234
1653,234
1654,231.4
1655,231.4
1656,231.4
1657,231.4
1658,231.4
1659,231.4
1660,231.4
1661,231.3
1662,231.3
1663,231.3
1664,231.3
1665,231.3
1666,231.3
1667,231.3
1668,229.2
1669,229.2
1670,229.2
1671,229.2
1672,229.2
1673,229.2
1674,229.2
1675,226.3
1676,226.3
1677,226.3
1678,226.3
1679,226.3
1680,226.3
1681,226.3
1682,226
1683,226
1684,226
1685,226
1686,226
1687,226
1688,226
1689,225
1690,225
1691,225
1692,225
1693,225
1694,225
1695,225
1696,223.1
1697,223.1
1698,223.1
1699,223.1
1700,223.1
1701,223.1
1702,223.1
1703,221.3
1704,221.3
1705,221.3
1706,221.3
1707,221.3
1708,221.3
1709,221.3
1710,220
1711,220
1712,220
1713,220
1714,220
1715,220
1716,220
1717,218
1718,218
1719,218
1720,218
1721,218
1722,218
1723,218
1724,216.9
1725,216.9
1726,216.9
1727,216.9
1728,216.9
1729,216.9
1730,216.9
1731,216.3
1732,216.3
1733,216.3
1734,216.3
1735,216.3
1736,216.3
1737,216.3
1738,211.3
1739,211.3
1740,211.3
1741,211.3
1742,211.3
1743,211.3
1744,211.3
1745,210.8
1746,210.8
1747,210.8
1748,210.8
1749,210.8
1750,210.8
1751,210.8
1752,210
1753,210
1754,210
1755,210
1756,210
1757,210
1758,210
1759,208.6
1760,208.6
1761,208.6
1762,208.6
1763,208.6
1764,208.6
1765,208.6
1766,206.3
1767,206.3
1768,206.3
1769,206.3
1770,206.3
1771,206.3
1772,206.3
1773,205
1774,205
1775,205
1776,205
1777,205
1778,205
1779,205
1780,204.6
1781,204.6
1782,204.6
1783,204.6
1784,204.6
1785,204.6
1786,204.6
1787,186.3
1788,186.3
1789,186.3
1790,186.3
1791,186.3
1792,186.3
1793,186.3
1794,186.2
1795,186.2
1796,186.2
1797,186.2
1798,186.2
1799,186.2
1800,186.2
1801,186
1802,186
1803,186
1804,186
1805,186
1806,186
1807,186
1808,185.7
1809,185.7
1810,185.7
1811,185.7
1812,185.7
1813,185.7
1814,185.7
1815,185
1816,185
1817,185
1818,185
1819,185
1820,185
1821,185
1822,181.3
1823,181.3
1824,181.3
1825,181.3
1826,181.3
1827,181.3
1828,181.3
1829,180
1830,180
1831,180
1832,180
1833,180
1834,180
1835,180
1836,178
1837,178
1838,178
1839,178
1840,178
1841,178
1842,178
1843,176.3
1844,176.3
1845,176.3
1846,176.3
1847,176.3
1848,176.3
1849,176.3
1850,174.3
1851,174.3
1852,174.3
1853,174.3
1854,174.3
1855,174.3
1856,174.3
1857,173.8
1858,173.8
1859,173.8
1860,173.8
1861,173.8
1862,173.8
1863,173.8
1864,171.3
1865,171.3
1866,171.3
1867,171.3
1868,171.3
1869,171.3
1870,171.3
1871,170
1872,170
1873,170
1874,170
1875,170
1876,170
1877,170
1878,167.7
1879,167.7
1880,167.7
1881,167.7
1882,167.7
1883,167.7
1884,167.7
1885,166.3
1886,166.3
1887,166.3
1888,166.3
1889,166.3
1890,166.3
1891,166.3
1892,165
1893,165
1894,165
1895,165
1896,165
1897,165
1898,165
1899,162.9
1900,162.9
1901,162.9
1902,162.9
1903,162.9
1904,162.9
1905,162.9
1906,162
1907,162
1908,162
1909,162
1910,162
1911,162
1912,162
1913,161.5
1914,161.5
1915,161.5
1916,161.5
1917,161.5
1918,161.5
1919,161.5
1920,161.3
1921,161.3
1922,161.3
1923,161.3
1924,161.3
1925,161.3
1926,161.3
1927,156.3
1928,156.3
1929,156.3
1930,156.3
1931,156.3
1932,156.3
1933,156.3
1934,155.4
1935,155.4
1936,155.4
1937,155.4
1938,155.4
1939,155.4
1940,155.4
1941,154
1942,154
1943,154
1944,154
1945,154
1946,154
1947,154
1948,151.4
1949,151.4
1950,151.4
1951,151.4
1952,151.4
1953,151.4
1954,151.4
1955,151.3
1956,151.3
1957,151.3
1958,151.3
1959,151.3
1960,151.3
1961,151.3
1962,149.2
1963,149.2
1964,149.2
1965,149.2
1966,149.2
1967,149.2
1968,149.2
1969,146.3
1970,146.3
1971,146.3
1972,146.3
1973,146.3
1974,146.3
1975,146.3
1976,146
1977,146
1978,146
1979,146
1980,146
1981,146
1982,146
1983,145
1984,145
1985,145
1986,145
1987,145
1988,145
1989,145
1990,143.1
1991,143.1
1992,143.1
1993,143.1
1994,143.1
1995,143.1
1996,143.1
1997,141.3
1998,141.3
1999,141.3
2000,141.3
2001,141.3
2002,141.3
2003,141.3
2004,140
2005,140
2006,140
2007,140
2008,140
2009,140
2010,140
2011,138
2012,138
2013,138
2014,138
2015,138
2016,138
2017,138
2018,136.9
2019,136.9
2020,136.9
2021,136.9
2022,136.9
2023,136.9
2024,136.9
2025,136.3
2026,136.3
2027,136.3
2028,136.3
2029,136.3
2030,136.3
2031,136.3
2032,131.3
2033,131.3
2034,131.3
2035,131.3
2036,131.3
2037,131.3
2038,131.3
2039,130.8
2040,130.8
2041,130.8
2042,130.8
2043,130.8
2044,130.8
2045,130.8
2046,130
2047,130
2048,130
2049,130
2050,130
2051,130
2052,130
2053,128.6
2054,128.6
2055,128.6
2056,128.6
2057,128.6
2058,128.6
2059,128.6
2060,126.3
2061,126.3
2062,126.3
2063,126.3
2064,126.3
2065,126.3
2066,126.3
2067,125
2068,125
2069,125
2070,125
2071,125
2072,125
2073,125
2074,124.6
2075,124.6
2076,124.6
2077,124.6
2078,124.6
2079,124.6
2080,124.6
2081,122
2082,122
2083,122
2084,122
2085,122
2086,122
2087,122
2088,121.3
2089,121.3
2090,121.3
2091,121.3
2092,121.3
2093,121.3
2094,121.3
2095,118.5
2096,118.5
2097,118.5
2098,118.5
2099,118.5
2100,118.5
2101,118.5
2102,117.1
2103,117.1
2104,117.1
2105,117.1
2106,117.1
2107,117.1
2108,117.1
2109,116.3
2110,116.3
2111,116.3
2112,116.3
2113,116.3
2114,116.3
2115,116.3
2116,114
2117,114
2118,114
2119,114
2120,114
2121,114
2122,114
2123,112.3
2124,112.3
2125,112.3
2126,112.3
2127,112.3
2128,112.3
2129,112.3
2130,111.3
2131,111.3
2132,111.3
2133,111.3
2134,111.3
2135,111.3
2136,111.3
2137,106.3
2138,106.3
2139,106.3
2140,106.3
2141,106.3
2142,106.3
2143,106.3
2144,106.2
2145,106.2
2146,106.2
2147,106.2
2148,106.2
2149,106.2
2150,106.2
2151,106
2152,106
2153,106
2154,106
2155,106
2156,106
2157,106
2158,105.7
2159,105.7
2160,105.7
2161,105.7
2162,105.7
2163,105.7
2164,105.7
2165,105
2166,105
2167,105
2168,105
2169,105
2170,105
2171,105
2172,101.3
2173,101.3
2174,101.3
2175,101.3
2176,101.3
2177,101.3
2178,101.3
2179,100
2180,100
2181,100
2182,100
2183,100
2184,100
2185,100
2186,98
2187,98
2188,98
2189,98
2190,98
2191,98
2192,98
2193,96.3
2194,96.3
2195,96.3
2196,96.3
2197,96.3
2198,96.3
2199,96.3
2200,94.3
2201,94.3
2202,94.3
2203,94.3
2204,94.3
2205,94.3
2206,94.3
2207,93.8
2208,93.8
2209,93.8
2210,93.8
2211,93.8
2212,93.8
2213,93.8
2214,91.3
2215,91.3
2216,91.3
2217,91.3
2218,91.3
2219,91.3
2220,91.3
2221,90
2222,90
2223,90
2224,90
2225,90
2226,90
2227,90
2228,87.7
2229,87.7
2230,87.7
2231,87.7
2232,87.7
2233,87.7
2234,87.7
2235,86.3
2236,86.3
2237,86.3
2238,86.3
2239,86.3
2240,86.3
2241,86.3
2242,85
2243,85
2244,85
2245,85
2246,85
2247,85
2248,85
2249,82.9
2250,82.9
2251,82.9
2252,82.9
2253,82.9
2254,82.9
2255,82.9
2256,69.2
2257,69.2
2258,69.2
2259,69.2
2260,69.2
2261,69.2
2262,69.2
2263,66.3
2264,66.3
2265,66.3
2266,66.3
2267,66.3
2268,66.3
2269,66.3
2270,66
2271,66
2272,66
2273,66
2274,66
2275,66
2276,66
2277,65
2278,65
2279,65
2280,65
2281,65
2282,65
2283,65
2284,63.1
2285,63.1
2286,63.1
2287,63.1
2288,63.1
2289,63.1
2290,63.1
2291,61.3
2292,61.3
2293,61.3
2294,61.3
2295,61.3
2296,61.3
2297,61.3
2298,60
2299,60
2300,60
2301,60
2302,60
2303,60
2304,60
2305,58
2306,58
2307,58
2308,58
2309,58
2310,58
2311,58
2312,56.9
2313,56.9
2314,56.9
2315,56.9
2316,56.9
2317,56.9
2318,56.9
2319,56.3
2320,56.3
2321,56.3
2322,56.3
2323,56.3
2324,56.3
2325,56.3
2326,51.3
2327,51.3
2328,51.3
2329,51.3
2330,51.3
2331,51.3
2332,51.3
2333,50.8
2334,50.8
2335,50.8
2336,50.8
2337,50.8
2338,50.8
2339,50.8
2340,50
2341,50
2342,50
2343,50
2344,50
2345,50
2346,50
2347,48.6
2348,48.6
2349,48.6
2350,48.6
2351,48.6
2352,48.6
2353,48.6
2354,46.3
2355,46.3
2356,46.3
2357,46.3
2358,46.3
2359,46.3
2360,46.3
2361,45
2362,45
2363,45
2364,45
2365,45
2366,45
2367,45
2368,44.6
2369,44.6
2370,44.6
2371,44.6
2372,44.6
2373,44.6
2374,44.6
2375,42
2376,42
2377,42
2378,42
2379,42
2380,42
2381,42
2382,41.3
2383,41.3
2384,41.3
2385,41.3
2386,41.3
2387,41.3
2388,41.3
2389,37.1
2390,37.1
2391,37.1
2392,37.1
2393,37.1
2394,37.1
2395,37.1
2396,36.3
2397,36.3
2398,36.3
2399,36.3
2400,36.3
2401,36.3
2402,36.3
2403,34
2404,34
2405,34
2406,34
2407,34
2408,34
2409,34
2410,32.3
2411,32.3
2412,32.3
2413,32.3
2414,32.3
2415,32.3
2416,32.3
2417,31.3
2418,31.3
2419,31.3
2420,31.3
2421,31.3
2422,31.3
2423,31.3
2424,26.3
2425,26.3
2426,26.3
2427,26.3
2428,26.3
2429,26.3
2430,26.3
2431,26.2
2432,26.2
2433,26.2
2434,26.2
2435,26.2
2436,26.2
2437,26.2
2438,26
2439,26
2440,26
2441,26
2442,26
2443,26
2444,26
2445,25.7
2446,25.7
2447,25.7
2448,25.7
2449,25.7
2450,25.7
2451,25.7
2452,25
2453,25
2454,25
2455,25
2456,25
2457,25
2458,25
2459,21.3
2460,21.3
2461,21.3
2462,21.3
2463,21.3
2464,21.3
2465,21.3
2466,20
2467,20
2468,20
2469,20
2470,20
2471,20
2472,20
2473,18
2474,18
2475,18
2476,18
2477,18
2478,18
2479,18
2480,16.3
2481,16.3
2482,16.3
2483,16.3
2484,16.3
2485,16.3
2486,16.3
2487,14.3
2488,14.3
2489,14.3
2490,14.3
2491,14.3
2492,14.3
2493,14.3
2494,13.8
2495,13.8
2496,13.8
2497,13.8
2498,13.8
2499,13.8
2500,13.8
2501,11.3
2502,11.3
2503,11.3
2504,11.3
2505,11.3
2506,11.3
2507,11.3
2508,10
2509,10
2510,10
2511,10
2512,10
2513,10
2514,10
2515,7.7
2516,7.7
2517,7.7
2518,7.7
2519,7.7
2520,7.7
2521,7.7
2522,6.3
2523,6.3
2524,6.3
2525,6.3
2526,6.3
2527,6.3
2528,6.3
2529,5
2530,5
2531,5
2532,5
2533,5
2534,5
2535,5
2536,2.9
2537,2.9
2538,2.9
2539,2.9
2540,2.9
2541,2.9
2542,2.9
2543,2
2544,2
2545,2
2546,2
2547,2
2548,2
2549,2
2550,1.5
2551,1.5
2552,1.5
2553,1.5
2554,1.5
2555,1.5
2556,1.5
2557,1.3
2558,1.3
2559,1.3
2560,1.3
2561,1.3
2562,1.3
2563,1.3
2564,135.7
2565,135.7
2566,135.7
2567,135.7
2568,135.7
2569,135.7
2570,135.7
2571,135.7
2572,135.7
2573,135.7
2574,135.7
2575,135.7
2576,135.7
2577,128.9
2578,128.9
2579,128.9
2580,128.9
2581,128.9
2582,128.9
2583,128.9
2584,128.9
2585,128.9
2586,128.9
2587,128.9
2588,128.9
2589,128.9
2590,128.9
2591,125.9
2592,125.9
2593,125.9
2594,125.9
2595,125.9
2596,125.9
2597,125.9
2598,125.9
2599,125.9
2600,125.9
2601,125.9
2602,125.9
2603,125.9
2604,125.9
2605,114.4
2606,114.4
2607,114.4
2608,114.4
2609,114.4
2610,114.4
2611,114.4
2612,114.4
2613,114.4
2614,114.4
2615,114.4
2616,114.4
2617,114.4
2618,114.4
2619,114.4
2620,113.9
2621,113.9
2622,113.9
2623,113.9
2624,113.9
2625,113.9
2626,113.9
2627,113.9
2628,113.9
2629,113.9
2630,113.9
2631,113.9
2632,113.9
2633,113.9
2634,113.9
2635,106.5
2636,106.5
2637,106.5
2638,106.5
2639,106.5
2640,106.5
2641,106.5
2642,106.5
2643,106.5
2644,106.5
2645,106.5
2646,106.5
2647,106.5
2648,106.5
2649,106.5
2650,106.5
2651,100
2652,100
2653,100
2654,100
2655,100
2656,100
2657,100
2658,100
2659,100
2660,100
2661,100
2662,100
2663,100
2664,100
2665,100
2666,100
2667,100
2668,100
2669,100
2670,100
2671,100
2672,100
2673,100
2674,100
2675,100
2676,100
2677,100
2678,100
2679,100
2680,100
2681,100
2682,100
2683,100
2684,100
2685,100
2686,100
2687,100
2688,100
2689,100
2690,100
2691,100
2692,100
2693,100
2694,100
2695,100
2696,100
2697,100
2698,100
2699,90.5
2700,90.5
2701,90.5
2702,90.5
2703,90.5
2704,90.5
2705,90.5
2706,90.5
2707,90.5
2708,90.5
2709,90.5
2710,90.5
2711,90.5
2712,90.5
2713,90.5
2714,90.5
2715,88.9
2716,88.9
2717,88.9
2718,88.9
2719,88.9
2720,88.9
2721,88.9
2722,88.9
2723,88.9
2724,88.9
2725,88.9
2726,88.9
2727,88.9
2728,88.9
2729,88.9
2730,88.9
2731,88.9
2732,88.9
2733,88.9
2734,88.9
2735,88.9
2736,88.9
2737,88.9
2738,88.9
2739,88.9
2740,88.9
2741,88.9
2742,88.9
2743,88.9
2744,88.9
2745,88.9
2746,88.9
2747,87
2748,87
2749,87
2750,87
2751,87
2752,87
2753,87
2754,87
2755,87
2756,87
2757,87
2758,87
2759,87
2760,87
2761,87
2762,87
2763,86.8
2764,86.8
2765,86.8
2766,86.8
2767,86.8
2768,86.8
2769,86.8
2770,86.8
2771,86.8
2772,86.8
2773,86.8
2774,86.8
2775,86.8
2776,86.8
2777,86.8
2778,86.8
2779,85.6
2780,85.6
2781,85.6
2782,85.6
2783,85.6
2784,85.6
2785,85.6
2786,85.6
2787,85.6
2788,85.6
2789,85.6
2790,85.6
2791,85.6
2792,85.6
2793,85.6
2794,85.6
2795,81.7
2796,81.7
2797,81.7
2798,81.7
2799,81.7
2800,81.7
2801,81.7
2802,81.7
2803,81.7
2804,81.7
2805,81.7
2806,81.7
2807,81.7
2808,81.7
2809,81.7
2810,81.7
2811,81.7
2812,75.6
2813,75.6
2814,75.6
2815,75.6
2816,75.6
2817,75.6
2818,75.6
2819,75.6
2820,75.6
2821,75.6
2822,75.6
2823,75.6
2824,75.6
2825,75.6
2826,75.6
2827,75.6
2828,61.8
2829,61.8
2830,61.8
2831,61.8
2832,61.8
2833,61.8
2834,61.8
2835,61.8
2836,61.8
2837,61.8
2838,61.8
2839,61.8
2840,61.8
2841,61.8
2842,61.8
2843,61.8
2844,60.4
2845,60.4
2846,60.4
2847,60.4
2848,60.4
2849,60.4
2850,60.4
2851,60.4
2852,60.4
2853,60.4
2854,60.4
2855,60.4
2856,60.4
2857,60.4
2858,60.4
2859,60.4
2860,51.1
2861,51.1
2862,51.1
2863,51.1
2864,51.1
2865,51.1
2866,51.1
2867,51.1
2868,51.1
2869,51.1
2870,51.1
2871,51.1
2872,51.1
2873,51.1
2874,51.1
2875,51.1
2876,49
2877,49
2878,49
2879,49
2880,49
2881,49
2882,49
2883,49
2884,49
2885,49
2886,49
2887,49
2888,49
2889,49
2890,49
2891,49
2892,47.2
2893,47.2
2894,47.2
2895,47.2
2896,47.2
2897,47.2
2898,47.2
2899,47.2
2900,47.2
2901,47.2
2902,47.2
2903,47.2
2904,47.2
2905,47.2
2906,47.2
2907,47.2
2908,46
2909,46
2910,46
2911,46
2912,46
2913,46
2914,46
2915,46
2916,46
2917,46
2918,46
2919,46
2920,46
2921,46
2922,46
2923,46
2924,44.6
2925,44.6
2926,44.6
2927,44.6
2928,44.6
2929,44.6
2930,44.6
2931,44.6
2932,44.6
2933,44.6
2934,44.6
2935,44.6
2936,44.6
2937,44.6
2938,44.6
2939,44.6
2940,256.9
2941,256.9
2942,256.9
2943,256.9
2944,256.9
2945,256.9
2946,256.9
2947,256.9
2948,256.9
2949,256.9
2950,256.9
2951,256.9
2952,256.9
2953,256.9
2954,256.9
2955,256.9
2956,256.9
2957,256.9
2958,256.9
2959,256.9
2960,256.9
2961,256.9
2962,256.9
2963,256.9
2964,256.9
2965,256.9
2966,256.9
2967,256.9
2968,256.9
2969,256.9
2970,256.9
2971,256.9
2972,256.9
2973,256.9
2974,256.9
2975,256.9
2976,256.9
2977,256.9
2978,256.9
2979,256.9
2980,256.9
2981,256.9
2982,256.9
2983,256.9
2984,256.9
2985,256.9
2986,251.1
2987,251.1
2988,251.1
2989,251.1
2990,251.1
2991,251.1
2992,251.1
2993,251.1
2994,251.1
2995,251.1
2996,251.1
2997,251.1
2998,251.1
2999,251.1
3000,251.1
3001,251.1
3002,251.1
3003,251.1
3004,251.1
3005,251.1
3006,251.1
3007,251.1
3008,251.1
3009,244.8
3010,244.8
3011,244.8
3012,244.8
3013,244.8
3014,244.8
3015,244.8
3016,244.8
3017,244.8
3018,244.8
3019,244.8
3020,244.8
3021,244.8
3022,244.8
3023,244.8
3024,244.8
3025,244.8
3026,244.8
3027,244.8
3028,244.8
3029,244.8
3030,244.8
3031,244.8
3032,236.5
3033,236.5
3034,236.5
3035,236.5
3036,236.5
3037,236.5
3038,236.5
3039,236.5
3040,236.5
3041,236.5
3042,236.5
3043,236.5
3044,236.5
3045,236.5
3046,236.5
3047,236.5
3048,236.5
3049,236.5
3050,236.5
3051,236.5
3052,236.5
3053,236.5
3054,236.5
3055,235.4
3056,235.4
3057,235.4
3058,235.4
3059,235.4
3060,235.4
3061,235.4
3062,235.4
3063,235.4
3064,235.4
3065,235.4
3066,235.4
3067,235.4
3068,235.4
3069,235.4
3070,235.4
3071,235.4
3072,235.4
3073,235.4
3074,235.4
3075,235.4
3076,235.4
3077,235.4
3078,233.2
3079,233.2
3080,233.2
3081,233.2
3082,233.2
3083,233.2
3084,233.2
3085,233.2
3086,233.2
3087,233.2
3088,233.2
3089,233.2
3090,233.2
3091,233.2
3092,233.2
3093,233.2
3094,233.2
3095,233.2
3096,233.2
3097,233.2
3098,233.2
3099,233.2
3100,233.2
3101,188
3102,188
3103,188
3104,188
3105,188
3106,188
3107,188
3108,188
3109,188
3110,188
3111,188
3112,188
3113,188
3114,188
3115,188
3116,188
3117,188
3118,188
3119,188
3120,188
3121,188
3122,188
3123,188
3124,171.5
3125,171.5
3126,171.5
3127,171.5
3128,171.5
3129,171.5
3130,171.5
3131,171.5
3132,171.5
3133,171.5
3134,171.5
3135,171.5
3136,171.5
3137,171.5
3138,171.5
3139,171.5
3140,171.5
3141,171.5
3142,171.5
3143,171.5
3144,171.5
3145,171.5
3146,171.5
3147,167.2
3148,167.2
3149,167.2
3150,167.2
3151,167.2
3152,167.2
3153,167.2
3154,167.2
3155,167.2
3156,167.2
3157,167.2
3158,167.2
3159,167.2
3160,167.2
3161,167.2
3162,167.2
3163,167.2
3164,167.2
3165,167.2
3166,167.2
3167,167.2
3168,167.2
3169,167.2
3170,151.9
3171,151.9
3172,151.9
3173,151.9
3174,151.9
3175,151.9
3176,151.9
3177,151.9
3178,151.9
3179,151.9
3180,151.9
3181,151.9
3182,151.9
3183,151.9
3184,151.9
3185,151.9
3186,151.9
3187,151.9
3188,151.9
3189,151.9
3190,151.9
3191,151.9
3192,151.9
3193,148.6
3194,148.6
3195,148.6
3196,148.6
3197,148.6
3198,148.6
3199,148.6
3200,148.6
3201,148.6
3202,148.6
3203,148.6
3204,148.6
3205,148.6
3206,148.6
3207,148.6
3208,148.6
3209,148.6
3210,148.6
3211,148.6
3212,148.6
3213,148.6
3214,148.6
3215,148.6
3216,146.2
3217,146.2
3218,146.2
3219,146.2
3220,146.2
3221,146.2
3222,146.2
3223,146.2
3224,146.2
3225,146.2
3226,146.2
3227,146.2
3228,146.2
3229,146.2
3230,146.2
3231,146.2
3232,146.2
3233,146.2
3234,146.2
3235,146.2
3236,146.2
3237,146.2
3238,146.2
3239,145.8
3240,145.8
3241,145.8
3242,145.8
3243,145.8
3244,145.8
3245,145.8
3246,145.8
3247,145.8
3248,145.8
3249,145.8
3250,145.8
3251,145.8
3252,145.8
3253,145.8
3254,145.8
3255,145.8
3256,145.8
3257,145.8
3258,145.8
3259,145.8
3260,145.8
3261,145.8
3262,143.8
3263,143.8
3264,143.8
3265,143.8
3266,143.8
3267,143.8
3268,143.8
3269,143.8
3270,143.8
3271,143.8
3272,143.8
3273,143.8
3274,143.8
3275,143.8
3276,143.8
3277,143.8
3278,143.8
3279,143.8
3280,143.8
3281,143.8
3282,143.8
3283,143.8
3284,143.8
3285,143.4
3286,143.4
3287,143.4
3288,143.4
3289,143.4
3290,143.4
3291,143.4
3292,143.4
3293,143.4
3294,143.4
3295,143.4
3296,143.4
3297,143.4
3298,143.4
3299,143.4
3300,143.4
3301,143.4
3302,143.4
3303,143.4
3304,143.4
3305,143.4
3306,143.4
3307,143.4
3308,139.8
3309,139.8
3310,139.8
3311,139.8
3312,139.8
3313,139.8
3314,139.8
3315,139.8
3316,139.8
3317,139.8
3318,139.8
3319,139.8
3320,139.8
3321,139.8
3322,139.8
3323,139.8
3324,139.8
3325,139.8
3326,139.8
3327,139.8
3328,139.8
3329,139.8
3330,139.8
3331,135.6
3332,135.6
3333,135.6
3334,135.6
3335,135.6
3336,135.6
3337,135.6
3338,135.6
3339,135.6
3340,135.6
3341,135.6
3342,135.6
3343,135.6
3344,135.6
3345,135.6
3346,135.6
3347,135.6
3348,135.6
3349,135.6
3350,135.6
3351,135.6
3352,135.6
3353,135.6
3354,135.2
3355,135.2
3356,135.2
3357,135.2
3358,135.2
3359,135.2
3360,135.2
3361,135.2
3362,135.2
3363,135.2
3364,135.2
3365,135.2
3366,135.2
3367,135.2
3368,135.2
3369,135.2
3370,135.2
3371,135.2
3372,135.2
3373,135.2
3374,135.2
3375,135.2
3376,135.2
3377,133.5
3378,133.5
3379,133.5
3380,133.5
3381,133.5
3382,133.5
3383,133.5
3384,133.5
3385,133.5
3386,133.5
3387,133.5
3388,133.5
3389,133.5
3390,133.5
3391,133.5
3392,133.5
3393,133.5
3394,133.5
3395,133.5
3396,133.5
3397,133.5
3398,133.5
3399,133.5
3400,132
3401,132
3402,132
3403,132
3404,132
3405,132
3406,132
3407,132
3408,132
3409,132
3410,132
3411,132
3412,132
3413,132
3414,132
3415,132
3416,132
3417,132
3418,132
3419,132
3420,132
3421,132
3422,132
3423,129.5
3424,129.5
3425,129.5
3426,129.5
3427,129.5
3428,129.5
3429,129.5
3430,129.5
3431,129.5
3432,129.5
3433,129.5
3434,129.5
3435,129.5
3436,129.5
3437,129.5
3438,129.5
3439,129.5
3440,129.5
3441,129.5
3442,129.5
3443,129.5
3444,129.5
3445,129.5
3446,129.4
3447,129.4
3448,129.4
3449,129.4
3450,129.4
3451,129.4
3452,129.4
3453,129.4
3454,129.4
3455,129.4
3456,129.4
3457,129.4
3458,129.4
3459,129.4
3460,129.4
3461,129.4
3462,129.4
3463,129.4
3464,129.4
3465,129.4
3466,129.4
3467,129.4
3468,129.4
3469,128.4
3470,128.4
3471,128.4
3472,128.4
3473,128.4
3474,128.4
3475,128.4
3476,128.4
3477,128.4
3478,128.4
3479,128.4
3480,128.4
3481,128.4
3482,128.4
3483,128.4
3484,128.4
3485,128.4
3486,128.4
3487,128.4
3488,128.4
3489,128.4
3490,128.4
3491,128.4
3492,127.3
3493,127.3
3494,127.3
3495,127.3
3496,127.3
3497,127.3
3498,127.3
3499,127.3
3500,127.3
3501,127.3
3502,127.3
3503,127.3
3504,127.3
3505,127.3
3506,127.3
3507,127.3
3508,127.3
3509,127.3
3510,127.3
3511,127.3
3512,127.3
3513,127.3
3514,127.3
3515,127
3516,127
3517,127
3518,127
3519,127
3520,127
3521,127
3522,127
3523,127
3524,127
3525,127
3526,127
3527,127
3528,127
3529,127
3530,127
3531,127
3532,127
3533,127
3534,127
3535,127
3536,127
3537,127
3538,126.9
3539,126.9
3540,126.9
3541,126.9
3542,126.9
3543,126.9
3544,126.9
3545,126.9
3546,126.9
3547,126.9
3548,126.9
3549,126.9
3550,126.9
3551,126.9
3552,126.9
3553,126.9
3554,126.9
3555,126.9
3556,126.9
3557,126.9
3558,126.9
3559,126.9
3560,126.9
3561,125.7
3562,125.7
3563,125.7
3564,125.7
3565,125.7
3566,125.7
3567,125.7
3568,125.7
3569,125.7
3570,125.7
3571,125.7
3572,125.7
3573,125.7
3574,125.7
3575,125.7
3576,125.7
3577,125.7
3578,125.7
3579,125.7
3580,125.7
3581,125.7
3582,125.7
3583,125.7
3584,125.4
3585,125.4
3586,125.4
3587,125.4
3588,125.4
3589,125.4
3590,125.4
3591,125.4
3592,125.4
3593,125.4
3594,125.4
3595,125.4
3596,125.4
3597,125.4
3598,125.4
3599,125.4
3600,125.4
3601,125.4
3602,125.4
3603,125.4
3604,125.4
3605,125.4
3606,125.4
3607,125.3
3608,125.3
3609,125.3
3610,125.3
3611,125.3
3612,125.3
3613,125.3
3614,125.3
3615,125.3
3616,125.3
3617,125.3
3618,125.3
3619,125.3
3620,125.3
3621,125.3
3622,125.3
3623,125.3
3624,125.3
3625,125.3
3626,125.3
3627,125.3
3628,125.3
3629,125.3
3630,123.6
3631,123.6
3632,123.6
3633,123.6
3634,123.6
3635,123.6
3636,123.6
3637,123.6
3638,123.6
3639,123.6
3640,123.6
3641,123.6
3642,123.6
3643,123.6
3644,123.6
3645,123.6
3646,123.6
3647,123.6
3648,123.6
3649,123.6
3650,123.6
3651,123.6
3652,123.6
3653,123.5
3654,123.5
3655,123.5
3656,123.5
3657,123.5
3658,123.5
3659,123.5
3660,123.5
3661,123.5
3662,123.5
3663,123.5
3664,123.5
3665,123.5
3666,123.5
3667,123.5
3668,123.5
3669,123.5
3670,123.5
3671,123.5
3672,123.5
3673,123.5
3674,123.5
3675,123.5
3676,121
3677,121
3678,121
3679,121
3680,121
3681,121
3682,121
3683,121
3684,121
3685,121
3686,121
3687,121
3688,121
3689,121
3690,121
3691,121
3692,121
3693,121
3694,121
3695,121
3696,121
3697,121
3698,121
3699,120.4
3700,120.4
3701,120.4
3702,120.4
3703,120.4
3704,120.4
3705,120.4
3706,120.4
3707,120.4
3708,120.4
3709,120.4
3710,120.4
3711,120.4
3712,120.4
3713,120.4
3714,120.4
3715,120.4
3716,120.4
3717,120.4
3718,120.4
3719,120.4
3720,120.4
3721,120.4
3722,119.5
3723,119.5
3724,119.5
3725,119.5
3726,119.5
3727,119.5
3728,119.5
3729,119.5
3730,119.5
3731,119.5
3732,119.5
3733,119.5
3734,119.5
3735,119.5
3736,119.5
3737,119.5
3738,119.5
3739,119.5
3740,119.5
3741,119.5
3742,119.5
3743,119.5
3744,119.5
3745,118.1
3746,118.1
3747,118.1
3748,118.1
3749,118.1
3750,118.1
3751,118.1
3752,118.1
3753,118.1
3754,118.1
3755,118.1
3756,118.1
3757,118.1
3758,118.1
3759,118.1
3760,118.1
3761,118.1
3762,118.1
3763,118.1
3764,118.1
3765,118.1
3766,118.1
3767,118.1
3768,117.9
3769,117.9
3770,117.9
3771,117.9
3772,117.9
3773,117.9
3774,117.9
3775,117.9
3776,117.9
3777,117.9
3778,117.9
3779,117.9
3780,117.9
3781,117.9
3782,117.9
3783,117.9
3784,117.9
3785,117.9
3786,117.9
3787,117.9
3788,117.9
3789,117.9
3790,117.9
3791,116.1
3792,116.1
3793,116.1
3794,116.1
3795,116.1
3796,116.1
3797,116.1
3798,116.1
3799,116.1
3800,116.1
3801,116.1
3802,116.1
3803,116.1
3804,116.1
3805,116.1
3806,116.1
3807,116.1
3808,116.1
3809,116.1
3810,116.1
3811,116.1
3812,116.1
3813,116.1
3814,115.8
3815,115.8
3816,115.8
3817,115.8
3818,115.8
3819,115.8
3820,115.8
3821,115.8
3822,115.8
3823,115.8
3824,115.8
3825,115.8
3826,115.8
3827,115.8
3828,115.8
3829,115.8
3830,115.8
3831,115.8
3832,115.8
3833,115.8
3834,115.8
3835,115.8
3836,115.8
3837,115.4
3838,115.4
3839,115.4
3840,115.4
3841,115.4
3842,115.4
3843,115.4
3844,115.4
3845,115.4
3846,115.4
3847,115.4
3848,115.4
3849,115.4
3850,115.4
3851,115.4
3852,115.4
3853,115.4
3854,115.4
3855,115.4
3856,115.4
3857,115.4
3858,115.4
3859,115.4
3860,111.2
3861,111.2
3862,111.2
3863,111.2
3864,111.2
3865,111.2
3866,111.2
3867,111.2
3868,111.2
3869,111.2
3870,111.2
3871,111.2
3872,111.2
3873,111.2
3874,111.2
3875,111.2
3876,111.2
3877,111.2
3878,111.2
3879,111.2
3880,111.2
3881,111.2
3882,111.2
3883,110.9
3884,110.9
3885,110.9
3886,110.9
3887,110.9
3888,110.9
3889,110.9
3890,110.9
3891,110.9
3892,110.9
3893,110.9
3894,110.9
3895,110.9
3896,110.9
3897,110.9
3898,110.9
3899,110.9
3900,110.9
3901,110.9
3902,110.9
3903,110.9
3904,110.9
3905,110.9
3906,110.6
3907,110.6
3908,110.6
3909,110.6
3910,110.6
3911,110.6
3912,110.6
3913,110.6
3914,110.6
3915,110.6
3916,110.6
3917,110.6
3918,110.6
3919,110.6
3920,110.6
3921,110.6
3922,110.6
3923,110.6
3924,110.6
3925,110.6
3926,110.6
3927,110.6
3928,110.6
3929,109.3
3930,109.3
3931,109.3
3932,109.3
3933,109.3
3934,109.3
3935,109.3
3936,109.3
3937,109.3
3938,109.3
3939,109.3
3940,109.3
3941,109.3
3942,109.3
3943,109.3
3944,109.3
3945,109.3
3946,109.3
3947,109.3
3948,109.3
3949,109.3
3950,109.3
3951,109.3
3952,107.1
3953,107.1
3954,107.1
3955,107.1
3956,107.1
3957,107.1
3958,107.1
3959,107.1
3960,107.1
3961,107.1
3962,107.1
3963,107.1
3964,107.1
3965,107.1
3966,107.1
3967,107.1
3968,107.1
3969,107.1
3970,107.1
3971,107.1
3972,107.1
3973,107.1
3974,107.1
3975,105.7
3976,105.7
3977,105.7
3978,105.7
3979,105.7
3980,105.7
3981,105.7
3982,105.7
3983,105.7
3984,105.7
3985,105.7
3986,105.7
3987,105.7
3988,105.7
3989,105.7
3990,105.7
3991,105.7
3992,105.7
3993,105.7
3994,105.7
3995,105.7
3996,105.7
3997,105.7
3998,101.4
3999,101.4
4000,101.4
4001,101.4
4002,101.4
4003,101.4
4004,101.4
4005,101.4
4006,101.4
4007,101.4
4008,101.4
4009,101.4
4010,101.4
4011,101.4
4012,101.4
4013,101.4
4014,101.4
4015,101.4
4016,101.4
4017,101.4
4018,101.4
4019,101.4
4020,101.4
4021,92.3
4022,92.3
4023,92.3
4024,92.3
4025,92.3
4026,92.3
4027,92.3
4028,92.3
4029,92.3
4030,92.3
4031,92.3
4032,92.3
4033,92.3
4034,92.3
4035,92.3
4036,92.3
4037,92.3
4038,92.3
4039,92.3
4040,92.3
4041,92.3
4042,92.3
4043,92.3
4044,87.5
4045,87.5
4046,87.5
4047,87.5
4048,87.5
4049,87.5
4050,87.5
4051,87.5
4052,87.5
4053,87.5
4054,87.5
4055,87.5
4056,87.5
4057,87.5
4058,87.5
4059,87.5
4060,87.5
4061,87.5
4062,87.5
4063,87.5
4064,87.5
4065,87.5
4066,87.5
4067,84.4
4068,84.4
4069,84.4
4070,84.4
4071,84.4
4072,84.4
4073,84.4
4074,84.4
4075,84.4
4076,84.4
4077,84.4
4078,84.4
4079,84.4
4080,84.4
4081,84.4
4082,84.4
4083,84.4
4084,84.4
4085,84.4
4086,84.4
4087,84.4
4088,84.4
4089,84.4
4090,81.7
4091,81.7
4092,81.7
4093,81.7
4094,81.7
4095,81.7
4096,81.7
4097,81.7
4098,81.7
4099,81.7
4100,81.7
4101,81.7
4102,81.7
4103,81.7
4104,81.7
4105,81.7
4106,81.7
4107,81.7
4108,81.7
4109,81.7
4110,81.7
4111,81.7
4112,81.7
4113,75.6
4114,75.6
4115,75.6
4116,75.6
4117,75.6
4118,75.6
4119,75.6
4120,75.6
4121,75.6
4122,75.6
4123,75.6
4124,75.6
4125,75.6
4126,75.6
4127,75.6
4128,75.6
4129,75.6
4130,75.6
4131,75.6
4132,75.6
4133,75.6
4134,75.6
4135,75.6
4136,61.8
4137,61.8
4138,61.8
4139,61.8
4140,61.8
4141,61.8
4142,61.8
4143,61.8
4144,61.8
4145,61.8
4146,61.8
4147,61.8
4148,61.8
4149,61.8
4150,61.8
4151,61.8
4152,61.8
4153,61.8
4154,61.8
4155,61.8
4156,61.8
4157,61.8
4158,61.8
4159,60.4
4160,60.4
4161,60.4
4162,60.4
4163,60.4
4164,60.4
4165,60.4
4166,60.4
4167,60.4
4168,60.4
4169,60.4
4170,60.4
4171,60.4
4172,60.4
4173,60.4
4174,60.4
4175,60.4
4176,60.4
4177,60.4
4178,60.4
4179,60.4
4180,60.4
4181,60.4
4182,51.1
4183,51.1
4184,51.1
4185,51.1
4186,51.1
4187,51.1
4188,51.1
4189,51.1
4190,51.1
4191,51.1
4192,51.1
4193,51.1
4194,51.1
4195,51.1
4196,51.1
4197,51.1
4198,51.1
4199,51.1
4200,51.1
4201,51.1
4202,51.1
4203,51.1
4204,51.1
4205,50.6
4206,50.6
4207,50.6
4208,50.6
4209,50.6
4210,50.6
4211,50.6
4212,50.6
4213,50.6
4214,50.6
4215,50.6
4216,50.6
4217,50.6
4218,50.6
4219,50.6
4220,50.6
4221,50.6
4222,50.6
4223,50.6
4224,50.6
4225,50.6
4226,50.6
4227,55
4228,55
4229,55
4230,55
4231,55
4232,55
4233,55
4234,55
4235,55
4236,55
4237,55
4238,55
4239,55
4240,55
4241,55
4242,55
4243,55
4244,55
4245,55
4246,55
4247,55
4248,55
4249,55
4250,55
4251,55
4252,55
4253,55
4254,55
4255,55
4256,55
4257,55
4258,55
4259,55
4260,55
4261,55
4262,55
4263,55
4264,55
4265,55
4266,55
4267,90.7
4268,90.7
4269,90.7
4270,90.7
4271,90.7
4272,90.7
4273,90.7
4274,90.7
4275,90.7
4276,90.7
4277,90.7
4278,90.7
4279,90.7
4280,90.7
4281,90.7
4282,90.7
4283,90.7
4284,90.7
4285,90.7
4286,90.7
4287,90.7
4288,90.7
4289,90.7
4290,90.7
4291,90.7
4292,90.7
4293,90.7
4294,90.7
4295,90.7
4296,90.7
4297,90.7
4298,90.7
4299,82.5
4300,82.5
4301,82.5
4302,82.5
4303,82.5
4304,82.5
4305,82.5
4306,82.5
4307,82.5
4308,82.5
4309,82.5
4310,82.5
4311,82.5
4312,82.5
4313,82.5
4314,82.5
4315,82.5
4316,82.5
4317,82.5
4318,82.5
4319,82.5
4320,82.5
4321,82.5
4322,82.5
4323,82.5
4324,82.5
4325,82.5
4326,82.5
4327,82.5
4328,82.5
4329,82.5
4330,82.5
4331,29.7
4332,29.7
4333,29.7
4334,29.7
4335,29.7
4336,29.7
4337,29.7
4338,29.7
4339,29.7
4340,29.7
4341,29.7
4342,29.7
4343,29.7
4344,29.7
4345,29.7
4346,29.7
4347,29.7
4348,29.7
4349,29.7
4350,29.7
4351,29.7
4352,29.7
4353,29.7
4354,29.7
4355,29.7
4356,29.7
4357,29.7
4358,29.7
4359,29.7
4360,29.7
4361,29.7
4362,29.7
4363,29.7
4364,29.7
4365,29.7
4366,29.7
4367,29.7
4368,29.7
4369,29.7
4370,29.7
4371,94.4
4372,94.4
4373,94.4
4374,94.4
4375,94.4
4376,94.4
4377,94.4
4378,94.4
4379,94.4
4380,94.4
4381,94.4
4382,94.4
4383,94.4
4384,94.4
4385,94.4
4386,94.4
4387,94.4
4388,94.4
4389,94.4
4390,94.4
4391,94.4
4392,94.4
4393,94.4
4394,94.4
4395,94.4
4396,94.4
4397,94.4
4398,94.4
4399,94.4
4400,94.4
4401,94.4
4402,94.4
4403,94.4
4404,94.4
4405,94.4
4406,94.4
4407,94.4
4408,94.4
4409,94.4
4410,94.4
4411,74.3
4412,74.3
4413,74.3
4414,74.3
4415,74.3
4416,74.3
4417,74.3
4418,74.3
4419,74.3
4420,74.3
4421,74.3
4422,74.3
4423,74.3
4424,74.3
4425,74.3
4426,74.3
4427,74.3
4428,74.3
4429,74.3
4430,74.3
4431,74.3
4432,74.3
4433,74.3
4434,74.3
4435,74.3
4436,74.3
4437,74.3
4438,74.3
4439,74.3
4440,74.3
4441,74.3
4442,74.3
4443,74.3
4444,74.3
4445,74.3
4446,74.3
4447,74.3
4448,74.3
4449,74.3
4450,74.3
4451,91.9
4452,91.9
4453,91.9
4454,91.9
4455,91.9
4456,91.9
4457,91.9
4458,91.9
4459,91.9
4460,91.9
4461,91.9
4462,91.9
4463,91.9
4464,91.9
4465,91.9
4466,91.9
4467,91.9
4468,91.9
4469,91.9
4470,91.9
4471,91.9
4472,91.9
4473,91.9
4474,91.9
4475,91.9
4476,91.9
4477,91.9
4478,91.9
4479,91.9
4480,91.9
4481,91.9
4482,91.9
4483,86.4
4484,86.4
4485,86.4
4486,86.4
4487,86.4
4488,86.4
4489,86.4
4490,86.4
4491,86.4
4492,86.4
4493,86.4
4494,86.4
4495,86.4
4496,86.4
4497,86.4
4498,86.4
4499,86.4
4500,86.4
4501,86.4
4502,86.4
4503,86.4
4504,86.4
4505,86.4
4506,86.4
4507,86.4
4508,86.4
4509,86.4
4510,86.4
4511,86.4
4512,86.4
4513,86.4
4514,86.4
4515,85.5
4516,85.5
4517,85.5
4518,85.5
4519,85.5
4520,85.5
4521,85.5
4522,85.5
4523,85.5
4524,85.5
4525,85.5
4526,85.5
4527,85.5
4528,85.5
4529,85.5
4530,85.5
4531,85.5
4532,85.5
4533,85.5
4534,85.5
4535,85.5
4536,85.5
4537,85.5
4538,85.5
4539,85.5
4540,85.5
4541,85.5
4542,85.5
4543,85.5
4544,85.5
4545,85.5
4546,85.5
4547,54.5
4548,54.5
4549,54.5
4550,54.5
4551,54.5
4552,54.5
4553,54.5
4554,54.5
4555,54.5
4556,54.5
4557,54.5
4558,54.5
4559,54.5
4560,54.5
4561,54.5
4562,54.5
4563,54.5
4564,54.5
4565,54.5
4566,54.5
4567,54.5
4568,54.5
4569,54.5
4570,54.5
4571,54.5
4572,54.5
4573,54.5
4574,54.5
4575,54.5
4576,54.5
4577,54.5
4578,54.5
4579,54.5
4580,54.5
4581,54.5
4582,54.5
4583,54.5
4584,54.5
4585,54.5
4586,54.5
4587,87.5
4588,87.5
4589,87.5
4590,87.5
4591,87.5
4592,87.5
4593,87.5
4594,87.5
4595,87.5
4596,87.5
4597,87.5
4598,87.5
4599,87.5
4600,87.5
4601,87.5
4602,87.5
4603,87.5
4604,87.5
4605,87.5
4606,87.5
4607,87.5
4608,87.5
4609,87.5
4610,87.5
4611,87.5
4612,87.5
4613,87.5
4614,87.5
4615,87.5
4616,87.5
4617,87.5
4618,87.5
4619,27.1
4620,27.1
4621,27.1
4622,27.1
4623,27.1
4624,27.1
4625,27.1
4626,27.1
4627,27.1
4628,27.1
4629,27.1
4630,27.1
4631,27.1
4632,27.1
4633,27.1
4634,27.1
4635,27.1
4636,27.1
4637,27.1
4638,27.1
4639,27.1
4640,27.1
4641,27.1
4642,27.1
4643,27.1
4644,27.1
4645,27.1
4646,27.1
4647,27.1
4648,27.1
4649,27.1
4650,27.1
4651,27.1
4652,27.1
4653,27.1
4654,27.1
4655,27.1
4656,27.1
4657,27.1
4658,27.1
4659,74.4
4660,74.4
4661,74.4
4662,74.4
4663,74.4
4664,74.4
4665,74.4
4666,74.4
4667,74.4
4668,74.4
4669,74.4
4670,74.4
4671,74.4
4672,74.4
4673,74.4
4674,74.4
4675,74.4
4676,74.4
4677,74.4
4678,74.4
4679,74.4
4680,74.4
4681,74.4
4682,74.4
4683,74.4
4684,74.4
4685,74.4
4686,74.4
4687,74.4
4688,74.4
4689,74.4
4690,74.4
4691,74.4
4692,74.4
4693,74.4
4694,74.4
4695,74.4
4696,74.4
4697,74.4
4698,74.4
4699,98.3
4700,98.3
4701,98.3
4702,98.3
4703,98.3
4704,98.3
4705,98.3
4706,98.3
4707,98.3
4708,98.3
4709,98.3
4710,98.3
4711,98.3
4712,98.3
4713,98.3
4714,98.3
4715,98.3
4716,98.3
4717,98.3
4718,98.3
4719,98.3
4720,98.3
4721,98.3
4722,98.3
4723,98.3
4724,98.3
4725,98.3
4726,98.3
4727,98.3
4728,98.3
4729,98.3
4730,98.3
4731,98.3
4732,98.3
4733,98.3
4734,98.3
4735,98.3
4736,98.3
4737,98.3
4738,98.3
4739,88.3
4740,88.3
4741,88.3
4742,88.3
4743,88.3
4744,88.3
4745,88.3
4746,88.3
4747,88.3
4748,88.3
4749,88.3
4750,88.3
4751,88.3
4752,88.3
4753,88.3
4754,88.3
4755,88.3
4756,88.3
4757,88.3
4758,88.3
4759,88.3
4760,88.3
4761,88.3
4762,88.3
4763,88.3
4764,88.3
4765,88.3
4766,88.3
4767,88.3
4768,88.3
4769,88.3
4770,88.3
4771,105.3
4772,105.3
4773,105.3
4774,105.3
4775,105.3
4776,105.3
4777,105.3
4778,105.3
4779,105.3
4780,105.3
4781,105.3
4782,105.3
4783,105.3
4784,105.3
4785,105.3
4786,105.3
4787,105.3
4788,105.3
4789,105.3
4790,105.3
4791,105.3
4792,105.3
4793,105.3
4794,105.3
4795,105.3
4796,105.3
4797,105.3
4798,105.3
4799,105.3
4800,105.3
4801,105.3
4802,105.3
4803,112.2
4804,112.2
4805,112.2
4806,112.2
4807,112.2
4808,112.2
4809,112.2
4810,112.2
4811,112.2
4812,112.2
4813,112.2
4814,112.2
4815,112.2
4816,112.2
4817,112.2
4818,112.2
4819,112.2
4820,112.2
4821,112.2
4822,112.2
4823,112.2
4824,112.2
4825,112.2
4826,112.2
4827,112.2
4828,112.2
4829,112.2
4830,112.2
4831,112.2
4832,112.2
4833,112.2
4834,112.2
4835,119.1
4836,119.1
4837,119.1
4838,119.1
4839,119.1
4840,119.1
4841,119.1
4842,119.1
4843,119.1
4844,119.1
4845,119.1
4846,119.1
4847,119.1
4848,119.1
4849,119.1
4850,119.1
4851,119.1
4852,119.1
4853,119.1
4854,119.1
4855,119.1
4856,119.1
4857,119.1
4858,119.1
4859,119.1
4860,119.1
4861,119.1
4862,119.1
4863,119.1
4864,119.1
4865,119.1
4866,119.1
4867,126.6
4868,126.6
4869,126.6
4870,126.6
4871,126.6
4872,126.6
4873,126.6
4874,126.6
4875,126.6
4876,126.6
4877,126.6
4878,126.6
4879,126.6
4880,126.6
4881,126.6
4882,126.6
4883,126.6
4884,126.6
4885,126.6
4886,126.6
4887,126.6
4888,126.6
4889,126.6
4890,126.6
4891,126.6
4892,126.6
4893,126.6
4894,126.6
4895,126.6
4896,126.6
4897,126.6
4898,126.6
4899,20.8
4900,20.8
4901,20.8
4902,20.8
4903,20.8
4904,20.8
4905,20.8
4906,20.8
4907,20.8
4908,20.8
4909,20.8
4910,20.8
4911,20.8
4912,20.8
4913,20.8
4914,20.8
4915,20.8
4916,20.8
4917,20.8
4918,20.8
4919,20.8
4920,20.8
4921,20.8
4922,20.8
4923,20.8
4924,20.8
4925,20.8
4926,20.8
4927,20.8
4928,20.8
4929,20.8
4930,20.8
4931,20.8
4932,20.8
4933,20.8
4934,20.8
4935,20.8
4936,20.8
4937,20.8
4938,20.8
4939,20.8
4940,20.8
4941,20.8
4942,20.8
4943,20.8
4944,20.8
4945,20.8
4946,20.8
4947,55.8
4948,55.8
4949,55.8
4950,55.8
4951,55.8
4952,55.8
4953,55.8
4954,55.8
4955,55.8
4956,55.8
4957,55.8
4958,55.8
4959,55.8
4960,55.8
4961,55.8
4962,55.8
4963,55.8
4964,55.8
4965,55.8
4966,55.8
4967,55.8
4968,55.8
4969,55.8
4970,55.8
4971,55.8
4972,55.8
4973,55.8
4974,55.8
4975,55.8
4976,55.8
4977,55.8
4978,55.8
4979,55.8
4980,55.8
4981,55.8
4982,55.8
4983,55.8
4984,55.8
4985,55.8
4986,55.8
4987,40.5
4988,40.5
4989,40.5
4990,40.5
4991,40.5
4992,40.5
4993,40.5
4994,40.5
4995,40.5
4996,40.5
4997,40.5
4998,40.5
4999,40.5
5000,40.5
5001,40.5
5002,40.5
5003,40.5
5004,40.5
5005,40.5
5006,40.5
5007,40.5
5008,40.5
5009,40.5
5010,40.5
5011,40.5
5012,40.5
5013,40.5
5014,40.5
5015,40.5
5016,40.5
5017,40.5
5018,40.5
5019,40.5
5020,40.5
5021,40.5
5022,40.5
5023,40.5
5024,40.5
5025,40.5
5026,40.5
5027,83.6
5028,83.6
5029,83.6
5030,83.6
5031,83.6
5032,83.6
5033,83.6
5034,83.6
5035,83.6
5036,83.6
5037,83.6
5038,83.6
5039,83.6
5040,83.6
5041,83.6
5042,83.6
5043,79.4
5044,79.4
5045,79.4
5046,79.4
5047,79.4
5048,79.4
5049,79.4
5050,79.4
5051,79.4
5052,79.4
5053,79.4
5054,79.4
5055,79.4
5056,79.4
5057,79.4
5058,79.4
5059,79.4
5060,79.4
5061,79.4
5062,79.4
5063,79.4
5064,79.4
5065,79.4
5066,79.4
5067,79.4
5068,79.4
5069,79.4
5070,79.4
5071,79.4
5072,79.4
5073,79.4
5074,79.4
5075,79.4
5076,79.4
5077,79.4
5078,79.4
5079,79.4
5080,79.4
5081,79.4
5082,79.4
5083,79.4
5084,79.4
5085,79.4
5086,79.4
5087,79.4
5088,79.4
5089,79.4
5090,79.4
5091,67.9
5092,67.9
5093,67.9
5094,67.9
5095,67.9
5096,67.9
5097,67.9
5098,67.9
5099,67.9
5100,67.9
5101,67.9
5102,67.9
5103,67.9
5104,67.9
5105,67.9
5106,67.9
5107,67.9
5108,67.9
5109,67.9
5110,67.9
5111,67.9
5112,67.9
5113,67.9
5114,67.9
5115,67.9
5116,67.9
5117,67.9
5118,67.9
5119,67.9
5120,67.9
5121,67.9
5122,67.9
5123,67.9
5124,67.9
5125,67.9
5126,67.9
5127,67.9
5128,67.9
5129,67.9
5130,67.9
5131,96.2
5132,96.2
5133,96.2
5134,96.2
5135,96.2
5136,96.2
5137,96.2
5138,96.2
5139,96.2
5140,96.2
5141,96.2
5142,96.2
5143,96.2
5144,96.2
5145,96.2
5146,96.2
5147,96.2
5148,96.2
5149,96.2
5150,96.2
5151,96.2
5152,96.2
5153,96.2
5154,96.2
5155,96.2
5156,96.2
5157,96.2
5158,96.2
5159,96.2
5160,96.2
5161,96.2
5162,96.2
5163,96.2
5164,96.2
5165,96.2
5166,96.2
5167,96.2
5168,96.2
5169,96.2
5170,96.2
5171,93.6
5172,93.6
5173,93.6
5174,93.6
5175,93.6
5176,93.6
5177,93.6
5178,93.6
5179,93.6
5180,93.6
5181,93.6
5182,93.6
5183,93.6
5184,93.6
5185,93.6
5186,93.6
5187,93.6
5188,93.6
5189,93.6
5190,93.6
5191,93.6
5192,93.6
5193,93.6
5194,93.6
5195,93.6
5196,93.6
5197,93.6
5198,93.6
5199,93.6
5200,93.6
5201,93.6
5202,93.6
5203,93.6
5204,93.6
5205,93.6
5206,93.6
5207,93.6
5208,93.6
5209,93.6
5210,93.6
5211,51.1
5212,51.1
5213,51.1
5214,51.1
5215,51.1
5216,51.1
5217,51.1
5218,51.1
5219,51.1
5220,51.1
5221,51.1
5222,51.1
5223,51.1
5224,51.1
5225,51.1
5226,51.1
5227,51.1
5228,51.1
5229,51.1
5230,51.1
5231,51.1
5232,51.1
5233,51.1
5234,51.1
5235,51.1
5236,51.1
5237,51.1
5238,51.1
5239,51.1
5240,51.1
5241,51.1
5242,51.1
5243,95
5244,95
5245,95
5246,95
5247,95
5248,95
5249,95
5250,95
5251,95
5252,95
5253,95
5254,95
5255,95
5256,95
5257,95
5258,95
5259,95
5260,95
5261,95
5262,95
5263,95
5264,95
5265,95
5266,95
5267,95
5268,95
5269,95
5270,95
5271,95
5272,95
5273,95
5274,95
5275,95
5276,95
5277,95
5278,95
5279,95
5280,95
5281,95
5282,95
5283,46.8
5284,46.8
5285,46.8
5286,46.8
5287,46.8
5288,46.8
5289,46.8
5290,46.8
5291,46.8
5292,46.8
5293,46.8
5294,46.8
5295,46.8
5296,46.8
5297,46.8
5298,46.8
5299,46.8
5300,46.8
5301,46.8
5302,46.8
5303,46.8
5304,46.8
5305,46.8
5306,46.8
5307,46.8
5308,46.8
5309,46.8
5310,46.8
5311,46.8
5312,46.8
5313,46.8
5314,46.8
5315,46.8
5316,46.8
5317,46.8
5318,46.8
5319,46.8
5320,46.8
5321,46.8
5322,46.8
5323,42.2
5324,42.2
5325,42.2
5326,42.2
5327,42.2
5328,42.2
5329,42.2
5330,42.2
5331,42.2
5332,42.2
5333,42.2
5334,42.2
5335,42.2
5336,42.2
5337,42.2
5338,42.2
5339,42.2
5340,42.2
5341,42.2
5342,42.2
5343,42.2
5344,42.2
5345,42.2
5346,42.2
5347,42.2
5348,42.2
5349,42.2
5350,42.2
5351,42.2
5352,42.2
5353,42.2
5354,42.2
5355,42.2
5356,42.2
5357,42.2
5358,42.2
5359,42.2
5360,42.2
5361,42.2
5362,42.2
5363,86.1
5364,86.1
5365,86.1
5366,86.1
5367,86.1
5368,86.1
5369,86.1
5370,86.1
5371,86.1
5372,86.1
5373,86.1
5374,86.1
5375,86.1
5376,86.1
5377,86.1
5378,86.1
5379,86.1
5380,86.1
5381,86.1
5382,86.1
5383,86.1
5384,86.1
5385,86.1
5386,86.1
5387,86.1
5388,86.1
5389,86.1
5390,86.1
5391,86.1
5392,86.1
5393,86.1
5394,86.1
5395,64.3
5396,64.3
5397,64.3
5398,64.3
5399,64.3
5400,64.3
5401,64.3
5402,64.3
5403,64.3
5404,64.3
5405,64.3
5406,64.3
5407,64.3
5408,64.3
5409,64.3
5410,64.3
5411,64.3
5412,64.3
5413,64.3
5414,64.3
5415,64.3
5416,64.3
5417,64.3
5418,64.3
5419,64.3
5420,64.3
5421,64.3
5422,64.3
5423,64.3
5424,64.3
5425,64.3
5426,64.3
5427,64.3
5428,64.3
5429,64.3
5430,64.3
5431,64.3
5432,64.3
5433,64.3
5434,64.3
5435,75
5436,75
5437,75
5438,75
5439,75
5440,75
5441,75
5442,75
5443,75
5444,75
5445,75
5446,75
5447,75
5448,75
5449,75
5450,75
5451,75
5452,75
5453,75
5454,75
5455,75
5456,75
5457,75
5458,75
5459,75
5460,75
5461,75
5462,75
5463,75
5464,75
5465,75
5466,75
5467,75
5468,75
5469,75
5470,75
5471,75
5472,75
5473,75
5474,75
5475,78.6
5476,78.6
5477,78.6
5478,78.6
5479,78.6
5480,78.6
5481,78.6
5482,78.6
5483,78.6
5484,78.6
5485,78.6
5486,78.6
5487,78.6
5488,78.6
5489,78.6
5490,78.6
5491,78.6
5492,78.6
5493,78.6
5494,78.6
5495,78.6
5496,78.6
5497,78.6
5498,78.6
5499,78.6
5500,78.6
5501,78.6
5502,78.6
5503,78.6
5504,78.6
5505,78.6
5506,78.6
5507,83.3
5508,83.3
5509,83.3
5510,83.3
5511,83.3
5512,83.3
5513,83.3
5514,83.3
5515,83.3
5516,83.3
5517,83.3
5518,83.3
5519,83.3
5520,83.3
5521,83.3
5522,83.3
5523,83.3
5524,83.3
5525,83.3
5526,83.3
5527,83.3
5528,83.3
5529,83.3
5530,83.3
5531,83.3
5532,83.3
5533,83.3
5534,83.3
5535,83.3
5536,83.3
5537,83.3
5538,83.3
5539,84.6
5540,84.6
5541,84.6
5542,84.6
5543,84.6
5544,84.6
5545,84.6
5546,84.6
5547,84.6
5548,84.6
5549,84.6
5550,84.6
5551,84.6
5552,84.6
5553,84.6
5554,84.6
5555,84.6
5556,84.6
5557,84.6
5558,84.6
5559,84.6
5560,84.6
5561,84.6
5562,84.6
5563,84.6
5564,84.6
5565,84.6
5566,84.6
5567,84.6
5568,84.6
5569,84.6
5570,84.6
5571,85.7
5572,85.7
5573,85.7
5574,85.7
5575,85.7
5576,85.7
5577,85.7
5578,85.7
5579,85.7
5580,85.7
5581,85.7
5582,85.7
5583,85.7
5584,85.7
5585,85.7
5586,85.7
5587,85.7
5588,85.7
5589,85.7
5590,85.7
5591,85.7
5592,85.7
5593,85.7
5594,85.7
5595,85.7
5596,85.7
5597,85.7
5598,85.7
5599,85.7
5600,85.7
5601,85.7
5602,85.7
5603,86.7
5604,86.7
5605,86.7
5606,86.7
5607,86.7
5608,86.7
5609,86.7
5610,86.7
5611,86.7
5612,86.7
5613,86.7
5614,86.7
5615,86.7
5616,86.7
5617,86.7
5618,86.7
5619,86.7
5620,86.7
5621,86.7
5622,86.7
5623,86.7
5624,86.7
5625,86.7
5626,86.7
5627,86.7
5628,86.7
5629,86.7
5630,86.7
5631,86.7
5632,86.7
5633,86.7
5634,86.7
5635,90.9
5636,90.9
5637,90.9
5638,90.9
5639,90.9
5640,90.9
5641,90.9
5642,90.9
5643,90.9
5644,90.9
5645,90.9
5646,90.9
5647,90.9
5648,90.9
5649,90.9
5650,90.9
5651,90.9
5652,90.9
5653,90.9
5654,90.9
5655,90.9
5656,90.9
5657,90.9
5658,90.9
5659,90.9
5660,90.9
5661,90.9
5662,90.9
5663,90.9
5664,90.9
5665,90.9
5666,90.9
5667,92.3
5668,92.3
5669,92.3
5670,92.3
5671,92.3
5672,92.3
5673,92.3
5674,92.3
5675,92.3
5676,92.3
5677,92.3
5678,92.3
5679,92.3
5680,92.3
5681,92.3
5682,92.3
5683,92.3
5684,92.3
5685,92.3
5686,92.3
5687,92.3
5688,92.3
5689,92.3
5690,92.3
5691,92.3
5692,92.3
5693,92.3
5694,92.3
5695,92.3
5696,92.3
5697,92.3
5698,92.3
5699,100
5700,100
5701,100
5702,100
5703,100
5704,100
5705,100
5706,100
5707,100
5708,100
5709,100
5710,100
5711,100
5712,100
5713,100
5714,100
5715,100
5716,100
5717,100
5718,100
5719,100
5720,100
5721,100
5722,100
5723,100
5724,100
5725,100
5726,100
5727,100
5728,100
5729,100
5730,100
5731,100
5732,100
5733,100
5734,100
5735,100
5736,100
5737,100
5738,100
5739,107.7
5740,107.7
5741,107.7
5742,107.7
5743,107.7
5744,107.7
5745,107.7
5746,107.7
5747,107.7
5748,107.7
5749,107.7
5750,107.7
5751,107.7
5752,107.7
5753,107.7
5754,107.7
5755,107.7
5756,107.7
5757,107.7
5758,107.7
5759,107.7
5760,107.7
5761,107.7
5762,107.7
5763,107.7
5764,107.7
5765,107.7
5766,107.7
5767,107.7
5768,107.7
5769,107.7
5770,107.7
5771,127.3
5772,127.3
5773,127.3
5774,127.3
5775,127.3
5776,127.3
5777,127.3
5778,127.3
5779,127.3
5780,127.3
5781,127.3
5782,127.3
5783,127.3
5784,127.3
5785,127.3
5786,127.3
5787,127.3
5788,127.3
5789,127.3
5790,127.3
5791,127.3
5792,127.3
5793,127.3
5794,127.3
5795,127.3
5796,127.3
5797,127.3
5798,127.3
5799,127.3
5800,127.3
5801,127.3
5802,127.3
5803,130.8
5804,130.8
5805,130.8
5806,130.8
5807,130.8
5808,130.8
5809,130.8
5810,130.8
5811,130.8
5812,130.8
5813,130.8
5814,130.8
5815,130.8
5816,130.8
5817,130.8
5818,130.8
5819,130.8
5820,130.8
5821,130.8
5822,130.8
5823,130.8
5824,130.8
5825,130.8
5826,130.8
5827,130.8
5828,130.8
5829,130.8
5830,130.8
5831,130.8
5832,130.8
5833,130.8
5834,130.8
5835,169.2
5836,169.2
5837,169.2
5838,169.2
5839,169.2
5840,169.2
5841,169.2
5842,169.2
5843,169.2
5844,169.2
5845,169.2
5846,169.2
5847,169.2
5848,169.2
5849,169.2
5850,169.2
5851,169.2
5852,169.2
5853,169.2
5854,169.2
5855,169.2
5856,169.2
5857,169.2
5858,169.2
5859,51.6
5860,51.6
5861,51.6
5862,51.6
5863,51.6
5864,51.6
5865,51.6
5866,51.6
5867,51.6
5868,51.6
5869,51.6
5870,51.6
5871,51.6
5872,51.6
5873,51.6
5874,51.6
5875,51.6
5876,51.6
5877,51.6
5878,51.6
5879,51.6
5880,51.6
5881,51.6
5882,51.6
5883,51.6
5884,51.6
5885,51.6
5886,51.6
5887,51.6
5888,51.6
5889,51.6
5890,51.6
5891,53.1
5892,53.1
5893,53.1
5894,53.1
5895,53.1
5896,53.1
5897,53.1
5898,53.1
5899,53.1
5900,53.1
5901,53.1
5902,53.1
5903,53.1
5904,53.1
5905,53.1
5906,53.1
5907,53.1
5908,53.1
5909,53.1
5910,53.1
5911,53.1
5912,53.1
5913,53.1
5914,53.1
5915,53.1
5916,53.1
5917,53.1
5918,53.1
5919,53.1
5920,53.1
5921,53.1
5922,53.1
5923,58.4
5924,58.4
5925,58.4
5926,58.4
5927,58.4
5928,58.4
5929,58.4
5930,58.4
5931,58.4
5932,58.4
5933,58.4
5934,58.4
5935,58.4
5936,58.4
5937,58.4
5938,58.4
5939,58.4
5940,58.4
5941,58.4
5942,58.4
5943,58.4
5944,58.4
5945,58.4
5946,58.4
5947,58.4
5948,58.4
5949,58.4
5950,58.4
5951,58.4
5952,58.4
5953,58.4
5954,58.4
5955,58.4
5956,58.4
5957,58.4
5958,58.4
5959,58.4
5960,58.4
5961,58.4
5962,58.4
5963,61.5
5964,61.5
5965,61.5
5966,61.5
5967,61.5
5968,61.5
5969,61.5
5970,61.5
5971,61.5
5972,61.5
5973,61.5
5974,61.5
5975,61.5
5976,61.5
5977,61.5
5978,61.5
5979,61.5
5980,61.5
5981,61.5
5982,61.5
5983,61.5
5984,61.5
5985,61.5
5986,61.5
5987,61.5
5988,61.5
5989,61.5
5990,61.5
5991,61.5
5992,61.5
5993,61.5
5994,61.5
5995,61.5
5996,61.5
5997,61.5
5998,61.5
5999,61.5
6000,61.5
6001,61.5
6002,61.5
6003,69.6
6004,69.6
6005,69.6
6006,69.6
6007,69.6
6008,69.6
6009,69.6
6010,69.6
6011,69.6
6012,69.6
6013,69.6
6014,69.6
6015,69.6
6016,69.6
6017,69.6
6018,69.6
6019,69.6
6020,69.6
6021,69.6
6022,69.6
6023,69.6
6024,69.6
6025,69.6
6026,69.6
6027,69.6
6028,69.6
6029,69.6
6030,69.6
6031,69.6
6032,69.6
6033,69.6
6034,69.6
6035,69.6
6036,69.6
6037,69.6
6038,69.6
6039,69.6
6040,69.6
6041,69.6
6042,69.6
6043,72.5
6044,72.5
6045,72.5
6046,72.5
6047,72.5
6048,72.5
6049,72.5
6050,72.5
6051,72.5
6052,72.5
6053,72.5
6054,72.5
6055,72.5
6056,72.5
6057,72.5
6058,72.5
6059,72.5
6060,72.5
6061,72.5
6062,72.5
6063,72.5
6064,72.5
6065,72.5
6066,72.5
6067,72.5
6068,72.5
6069,72.5
6070,72.5
6071,72.5
6072,72.5
6073,72.5
6074,72.5
6075,72.5
6076,72.5
6077,72.5
6078,72.5
6079,72.5
6080,72.5
6081,72.5
6082,72.5
6083,74.1
6084,74.1
6085,74.1
6086,74.1
6087,74.1
6088,74.1
6089,74.1
6090,74.1
6091,74.1
6092,74.1
6093,74.1
6094,74.1
6095,74.1
6096,74.1
6097,74.1
6098,74.1
6099,74.1
6100,74.1
6101,74.1
6102,74.1
6103,74.1
6104,74.1
6105,74.1
6106,74.1
6107,74.1
6108,74.1
6109,74.1
6110,74.1
6111,74.1
6112,74.1
6113,74.1
6114,74.1
6115,74.1
6116,74.1
6117,74.1
6118,74.1
6119,74.1
6120,74.1
6121,74.1
6122,74.1
6123,74.5
6124,74.5
6125,74.5
6126,74.5
6127,74.5
6128,74.5
6129,74.5
6130,74.5
6131,74.5
6132,74.5
6133,74.5
6134,74.5
6135,74.5
6136,74.5
6137,74.5
6138,74.5
6139,74.5
6140,74.5
6141,74.5
6142,74.5
6143,74.5
6144,74.5
6145,74.5
6146,74.5
6147,74.5
6148,74.5
6149,74.5
6150,74.5
6151,74.5
6152,74.5
6153,74.5
6154,74.5
6155,74.5
6156,74.5
6157,74.5
6158,74.5
6159,74.5
6160,74.5
6161,74.5
6162,74.5
6163,77.9
6164,77.9
6165,77.9
6166,77.9
6167,77.9
6168,77.9
6169,77.9
6170,77.9
6171,77.9
6172,77.9
6173,77.9
6174,77.9
6175,77.9
6176,77.9
6177,77.9
6178,77.9
6179,77.9
6180,77.9
6181,77.9
6182,77.9
6183,77.9
6184,77.9
6185,77.9
6186,77.9
6187,77.9
6188,77.9
6189,77.9
6190,77.9
6191,77.9
6192,77.9
6193,77.9
6194,77.9
6195,83.3
6196,83.3
6197,83.3
6198,83.3
6199,83.3
6200,83.3
6201,83.3
6202,83.3
6203,83.3
6204,83.3
6205,83.3
6206,83.3
6207,83.3
6208,83.3
6209,83.3
6210,83.3
6211,83.3
6212,83.3
6213,83.3
6214,83.3
6215,83.3
6216,83.3
6217,83.3
6218,83.3
6219,83.3
6220,83.3
6221,83.3
6222,83.3
6223,83.3
6224,83.3
6225,83.3
6226,83.3
6227,88
6228,88
6229,88
6230,88
6231,88
6232,88
6233,88
6234,88
6235,88
6236,88
6237,88
6238,88
6239,88
6240,88
6241,88
6242,88
6243,88
6244,88
6245,88
6246,88
6247,88
6248,88
6249,88
6250,88
6251,88
6252,88
6253,88
6254,88
6255,88
6256,88
6257,88
6258,88
6259,89.7
6260,89.7
6261,89.7
6262,89.7
6263,89.7
6264,89.7
6265,89.7
6266,89.7
6267,89.7
6268,89.7
6269,89.7
6270,89.7
6271,89.7
6272,89.7
6273,89.7
6274,89.7
6275,89.7
6276,89.7
6277,89.7
6278,89.7
6279,89.7
6280,89.7
6281,89.7
6282,89.7
6283,89.7
6284,89.7
6285,89.7
6286,89.7
6287,89.7
6288,89.7
6289,89.7
6290,89.7
6291,92.1
6292,92.1
6293,92.1
6294,92.1
6295,92.1
6296,92.1
6297,92.1
6298,92.1
6299,92.1
6300,92.1
6301,92.1
6302,92.1
6303,92.1
6304,92.1
6305,92.1
6306,92.1
6307,92.1
6308,92.1
6309,92.1
6310,92.1
6311,92.1
6312,92.1
6313,92.1
6314,92.1
6315,92.1
6316,92.1
6317,92.1
6318,92.1
6319,92.1
6320,92.1
6321,92.1
6322,92.1
6323,95.1
6324,95.1
6325,95.1
6326,95.1
6327,95.1
6328,95.1
6329,95.1
6330,95.1
6331,95.1
6332,95.1
6333,95.1
6334,95.1
6335,95.1
6336,95.1
6337,95.1
6338,95.1
6339,95.1
6340,95.1
6341,95.1
6342,95.1
6343,95.1
6344,95.1
6345,95.1
6346,95.1
6347,95.1
6348,95.1
6349,95.1
6350,95.1
6351,95.1
6352,95.1
6353,95.1
6354,95.1
6355,95.1
6356,95.1
6357,95.1
6358,95.1
6359,95.1
6360,95.1
6361,95.1
6362,95.1
6363,105.4
6364,105.4
6365,105.4
6366,105.4
6367,105.4
6368,105.4
6369,105.4
6370,105.4
6371,105.4
6372,105.4
6373,105.4
6374,105.4
6375,105.4
6376,105.4
6377,105.4
6378,105.4
6379,105.4
6380,105.4
6381,105.4
6382,105.4
6383,105.4
6384,105.4
6385,105.4
6386,105.4
6387,105.4
6388,105.4
6389,105.4
6390,105.4
6391,105.4
6392,105.4
6393,105.4
6394,105.4
6395,106.3
6396,106.3
6397,106.3
6398,106.3
6399,106.3
6400,106.3
6401,106.3
6402,106.3
6403,106.3
6404,106.3
6405,106.3
6406,106.3
6407,106.3
6408,106.3
6409,106.3
6410,106.3
6411,106.3
6412,106.3
6413,106.3
6414,106.3
6415,106.3
6416,106.3
6417,106.3
6418,106.3
6419,106.3
6420,106.3
6421,106.3
6422,106.3
6423,106.3
6424,106.3
6425,106.3
6426,106.3
6427,110.4
6428,110.4
6429,110.4
6430,110.4
6431,110.4
6432,110.4
6433,110.4
6434,110.4
6435,110.4
6436,110.4
6437,110.4
6438,110.4
6439,110.4
6440,110.4
6441,110.4
6442,110.4
6443,110.4
6444,110.4
6445,110.4
6446,110.4
6447,110.4
6448,110.4
6449,110.4
6450,110.4
6451,110.4
6452,110.4
6453,110.4
6454,110.4
6455,110.4
6456,110.4
6457,110.4
6458,110.4
6459,112.6
6460,112.6
6461,112.6
6462,112.6
6463,112.6
6464,112.6
6465,112.6
6466,112.6
6467,112.6
6468,112.6
6469,112.6
6470,112.6
6471,112.6
6472,112.6
6473,112.6
6474,112.6
6475,112.6
6476,112.6
6477,112.6
6478,112.6
6479,112.6
6480,112.6
6481,112.6
6482,112.6
6483,112.6
6484,112.6
6485,112.6
6486,112.6
6487,112.6
6488,112.6
6489,112.6
6490,112.6
6491,113.6
6492,113.6
6493,113.6
6494,113.6
6495,113.6
6496,113.6
6497,113.6
6498,113.6
6499,113.6
6500,113.6
6501,113.6
6502,113.6
6503,113.6
6504,113.6
6505,113.6
6506,113.6
6507,113.6
6508,113.6
6509,113.6
6510,113.6
6511,113.6
6512,113.6
6513,113.6
6514,113.6
6515,113.6
6516,113.6
6517,113.6
6518,113.6
6519,113.6
6520,113.6
6521,113.6
6522,113.6
6523,114.2
6524,114.2
6525,114.2
6526,114.2
6527,114.2
6528,114.2
6529,114.2
6530,114.2
6531,114.2
6532,114.2
6533,114.2
6534,114.2
6535,114.2
6536,114.2
6537,114.2
6538,114.2
6539,114.2
6540,114.2
6541,114.2
6542,114.2
6543,114.2
6544,114.2
6545,114.2
6546,114.2
6547,114.2
6548,114.2
6549,114.2
6550,114.2
6551,114.2
6552,114.2
6553,114.2
6554,114.2
6555,115.9
6556,115.9
6557,115.9
6558,115.9
6559,115.9
6560,115.9
6561,115.9
6562,115.9
6563,115.9
6564,115.9
6565,115.9
6566,115.9
6567,115.9
6568,115.9
6569,115.9
6570,115.9
6571,115.9
6572,115.9
6573,115.9
6574,115.9
6575,115.9
6576,115.9
6577,115.9
6578,115.9
6579,115.9
6580,115.9
6581,115.9
6582,115.9
6583,115.9
6584,115.9
6585,115.9
6586,115.9
6587,117.6
6588,117.6
6589,117.6
6590,117.6
6591,117.6
6592,117.6
6593,117.6
6594,117.6
6595,117.6
6596,117.6
6597,117.6
6598,117.6
6599,117.6
6600,117.6
6601,117.6
6602,117.6
6603,117.6
6604,117.6
6605,117.6
6606,117.6
6607,117.6
6608,117.6
6609,117.6
6610,117.6
6611,117.6
6612,117.6
6613,117.6
6614,117.6
6615,117.6
6616,117.6
6617,117.6
6618,117.6
6619,117.8
6620,117.8
6621,117.8
6622,117.8
6623,117.8
6624,117.8
6625,117.8
6626,117.8
6627,117.8
6628,117.8
6629,117.8
6630,117.8
6631,117.8
6632,117.8
6633,117.8
6634,117.8
6635,117.8
6636,117.8
6637,117.8
6638,117.8
6639,117.8
6640,117.8
6641,117.8
6642,117.8
6643,117.8
6644,117.8
6645,117.8
6646,117.8
6647,117.8
6648,117.8
6649,117.8
6650,117.8
6651,118.1
6652,118.1
6653,118.1
6654,118.1
6655,118.1
6656,118.1
6657,118.1
6658,118.1
6659,118.1
6660,118.1
6661,118.1
6662,118.1
6663,118.1
6664,118.1
6665,118.1
6666,118.1
6667,118.1
6668,118.1
6669,118.1
6670,118.1
6671,118.1
6672,118.1
6673,118.1
6674,118.1
6675,118.1
6676,118.1
6677,118.1
6678,118.1
6679,118.1
6680,118.1
6681,118.1
6682,118.1
6683,119
6684,119
6685,119
6686,119
6687,119
6688,119
6689,119
6690,119
6691,119
6692,119
6693,119
6694,119
6695,119
6696,119
6697,119
6698,119
6699,119
6700,119
6701,119
6702,119
6703,119
6704,119
6705,119
6706,119
6707,119
6708,119
6709,119
6710,119
6711,119
6712,119
6713,119
6714,119
6715,123.9
6716,123.9
6717,123.9
6718,123.9
6719,123.9
6720,123.9
6721,123.9
6722,123.9
6723,123.9
6724,123.9
6725,123.9
6726,123.9
6727,123.9
6728,123.9
6729,123.9
6730,123.9
6731,123.9
6732,123.9
6733,123.9
6734,123.9
6735,123.9
6736,123.9
6737,123.9
6738,123.9
6739,123.9
6740,123.9
6741,123.9
6742,123.9
6743,123.9
6744,123.9
6745,123.9
6746,123.9
6747,125
6748,125
6749,125
6750,125
6751,125
6752,125
6753,125
6754,125
6755,125
6756,125
6757,125
6758,125
6759,125
6760,125
6761,125
6762,125
6763,125
6764,125
6765,125
6766,125
6767,125
6768,125
6769,125
6770,125
6771,125
6772,125
6773,125
6774,125
6775,125
6776,125
6777,125
6778,125
6779,125.7
6780,125.7
6781,125.7
6782,125.7
6783,125.7
6784,125.7
6785,125.7
6786,125.7
6787,125.7
6788,125.7
6789,125.7
6790,125.7
6791,125.7
6792,125.7
6793,125.7
6794,125.7
6795,125.7
6796,125.7
6797,125.7
6798,125.7
6799,125.7
6800,125.7
6801,125.7
6802,125.7
6803,125.7
6804,125.7
6805,125.7
6806,125.7
6807,125.7
6808,125.7
6809,125.7
6810,125.7
6811,128.7
6812,128.7
6813,128.7
6814,128.7
6815,128.7
6816,128.7
6817,128.7
6818,128.7
6819,128.7
6820,128.7
6821,128.7
6822,128.7
6823,128.7
6824,128.7
6825,128.7
6826,128.7
6827,128.7
6828,128.7
6829,128.7
6830,128.7
6831,128.7
6832,128.7
6833,128.7
6834,128.7
6835,128.7
6836,128.7
6837,128.7
6838,128.7
6839,128.7
6840,128.7
6841,128.7
6842,128.7
6843,129.2
6844,129.2
6845,129.2
6846,129.2
6847,129.2
6848,129.2
6849,129.2
6850,129.2
6851,129.2
6852,129.2
6853,129.2
6854,129.2
6855,129.2
6856,129.2
6857,129.2
6858,129.2
6859,129.2
6860,129.2
6861,129.2
6862,129.2
6863,129.2
6864,129.2
6865,129.2
6866,129.2
6867,129.2
6868,129.2
6869,129.2
6870,129.2
6871,129.2
6872,129.2
6873,129.2
6874,129.2
6875,129.6
6876,129.6
6877,129.6
6878,129.6
6879,129.6
6880,129.6
6881,129.6
6882,129.6
6883,129.6
6884,129.6
6885,129.6
6886,129.6
6887,129.6
6888,129.6
6889,129.6
6890,129.6
6891,129.6
6892,129.6
6893,129.6
6894,129.6
6895,129.6
6896,129.6
6897,129.6
6898,129.6
6899,129.6
6900,129.6
6901,129.6
6902,129.6
6903,129.6
6904,129.6
6905,129.6
6906,129.6
6907,129.9
6908,129.9
6909,129.9
6910,129.9
6911,129.9
6912,129.9
6913,129.9
6914,129.9
6915,129.9
6916,129.9
6917,129.9
6918,129.9
6919,129.9
6920,129.9
6921,129.9
6922,129.9
6923,129.9
6924,129.9
6925,129.9
6926,129.9
6927,129.9
6928,129.9
6929,129.9
6930,129.9
6931,129.9
6932,129.9
6933,129.9
6934,129.9
6935,129.9
6936,129.9
6937,129.9
6938,129.9
6939,131
6940,131
6941,131
6942,131
6943,131
6944,131
6945,131
6946,131
6947,131
6948,131
6949,131
6950,131
6951,131
6952,131
6953,131
6954,131
6955,131
6956,131
6957,131
6958,131
6959,131
6960,131
6961,131
6962,131
6963,131
6964,131
6965,131
6966,131
6967,131
6968,131
6969,131
6970,131
6971,131.5
6972,131.5
6973,131.5
6974,131.5
6975,131.5
6976,131.5
6977,131.5
6978,131.5
6979,131.5
6980,131.5
6981,131.5
6982,131.5
6983,131.5
6984,131.5
6985,131.5
6986,131.5
6987,131.5
6988,131.5
6989,131.5
6990,131.5
6991,131.5
6992,131.5
6993,131.5
6994,131.5
6995,131.5
6996,131.5
6997,131.5
6998,131.5
6999,131.5
7000,131.5
7001,131.5
7002,131.5
7003,132.5
7004,132.5
7005,132.5
7006,132.5
7007,132.5
7008,132.5
7009,132.5
7010,132.5
7011,132.5
7012,132.5
7013,132.5
7014,132.5
7015,132.5
7016,132.5
7017,132.5
7018,132.5
7019,132.5
7020,132.5
7021,132.5
7022,132.5
7023,132.5
7024,132.5
7025,132.5
7026,132.5
7027,133.2
7028,133.2
7029,133.2
7030,133.2
7031,133.2
7032,133.2
7033,133.2
7034,133.2
7035,133.2
7036,133.2
7037,133.2
7038,133.2
7039,133.2
7040,133.2
7041,133.2
7042,133.2
7043,133.2
7044,133.2
7045,133.2
7046,133.2
7047,133.2
7048,133.2
7049,133.2
7050,133.2
7051,133.3
7052,133.3
7053,133.3
7054,133.3
7055,133.3
7056,133.3
7057,133.3
7058,133.3
7059,133.3
7060,133.3
7061,133.3
7062,133.3
7063,133.3
7064,133.3
7065,133.3
7066,133.3
7067,133.3
7068,133.3
7069,133.3
7070,133.3
7071,133.3
7072,133.3
7073,133.3
7074,133.3
7075,133.5
7076,133.5
7077,133.5
7078,133.5
7079,133.5
7080,133.5
7081,133.5
7082,133.5
7083,133.5
7084,133.5
7085,133.5
7086,133.5
7087,133.5
7088,133.5
7089,133.5
7090,133.5
7091,133.5
7092,133.5
7093,133.5
7094,133.5
7095,133.5
7096,133.5
7097,133.5
7098,133.5
7099,134.9
7100,134.9
7101,134.9
7102,134.9
7103,134.9
7104,134.9
7105,134.9
7106,134.9
7107,134.9
7108,134.9
7109,134.9
7110,134.9
7111,134.9
7112,134.9
7113,134.9
7114,134.9
7115,134.9
7116,134.9
7117,134.9
7118,134.9
7119,134.9
7120,134.9
7121,134.9
7122,134.9
7123,135.8
7124,135.8
7125,135.8
7126,135.8
7127,135.8
7128,135.8
7129,135.8
7130,135.8
7131,135.8
7132,135.8
7133,135.8
7134,135.8
7135,135.8
7136,135.8
7137,135.8
7138,135.8
7139,135.8
7140,135.8
7141,135.8
7142,135.8
7143,135.8
7144,135.8
7145,135.8
7146,135.8
7147,137.5
7148,137.5
7149,137.5
7150,137.5
7151,137.5
7152,137.5
7153,137.5
7154,137.5
7155,137.5
7156,137.5
7157,137.5
7158,137.5
7159,137.5
7160,137.5
7161,137.5
7162,137.5
7163,137.5
7164,137.5
7165,137.5
7166,137.5
7167,137.5
7168,137.5
7169,137.5
7170,137.5
7171,138.6
7172,138.6
7173,138.6
7174,138.6
7175,138.6
7176,138.6
7177,138.6
7178,138.6
7179,138.6
7180,138.6
7181,138.6
7182,138.6
7183,138.6
7184,138.6
7185,138.6
7186,138.6
7187,138.6
7188,138.6
7189,138.6
7190,138.6
7191,138.6
7192,138.6
7193,138.6
7194,138.6
7195,139.2
7196,139.2
7197,139.2
7198,139.2
7199,139.2
7200,139.2
7201,139.2
7202,139.2
7203,139.2
7204,139.2
7205,139.2
7206,139.2
7207,139.2
7208,139.2
7209,139.2
7210,139.2
7211,139.2
7212,139.2
7213,139.2
7214,139.2
7215,139.2
7216,139.2
7217,139.2
7218,139.2
7219,139.2
7220,139.2
7221,139.2
7222,139.2
7223,139.2
7224,139.2
7225,139.2
7226,139.2
7227,139.9
7228,139.9
7229,139.9
7230,139.9
7231,139.9
7232,139.9
7233,139.9
7234,139.9
7235,139.9
7236,139.9
7237,139.9
7238,139.9
7239,139.9
7240,139.9
7241,139.9
7242,139.9
7243,139.9
7244,139.9
7245,139.9
7246,139.9
7247,139.9
7248,139.9
7249,139.9
7250,139.9
7251,139.9
7252,139.9
7253,139.9
7254,139.9
7255,139.9
7256,139.9
7257,139.9
7258,139.9
7259,142.9
7260,142.9
7261,142.9
7262,142.9
7263,142.9
7264,142.9
7265,142.9
7266,142.9
7267,142.9
7268,142.9
7269,142.9
7270,142.9
7271,142.9
7272,142.9
7273,142.9
7274,142.9
7275,142.9
7276,142.9
7277,142.9
7278,142.9
7279,142.9
7280,142.9
7281,142.9
7282,142.9
7283,142.9
7284,142.9
7285,142.9
7286,142.9
7287,142.9
7288,142.9
7289,142.9
7290,142.9
7291,145.5
7292,145.5
7293,145.5
7294,145.5
7295,145.5
7296,145.5
7297,145.5
7298,145.5
7299,145.5
7300,145.5
7301,145.5
7302,145.5
7303,145.5
7304,145.5
7305,145.5
7306,145.5
7307,145.5
7308,145.5
7309,145.5
7310,145.5
7311,145.5
7312,145.5
7313,145.5
7314,145.5
7315,145.5
7316,145.5
7317,145.5
7318,145.5
7319,145.5
7320,145.5
7321,145.5
7322,145.5
7323,145.8
7324,145.8
7325,145.8
7326,145.8
7327,145.8
7328,145.8
7329,145.8
7330,145.8
7331,145.8
7332,145.8
7333,145.8
7334,145.8
7335,145.8
7336,145.8
7337,145.8
7338,145.8
7339,145.8
7340,145.8
7341,145.8
7342,145.8
7343,145.8
7344,145.8
7345,145.8
7346,145.8
7347,145.8
7348,145.8
7349,145.8
7350,145.8
7351,145.8
7352,145.8
7353,145.8
7354,145.8
7355,150
7356,150
7357,150
7358,150
7359,150
7360,150
7361,150
7362,150
7363,150
7364,150
7365,150
7366,150
7367,150
7368,150
7369,150
7370,150
7371,150
7372,150
7373,150
7374,150
7375,150
7376,150
7377,150
7378,150
7379,150
7380,150
7381,150
7382,150
7383,150
7384,150
7385,150
7386,150
7387,152.4
7388,152.4
7389,152.4
7390,152.4
7391,152.4
7392,152.4
7393,152.4
7394,152.4
7395,152.4
7396,152.4
7397,152.4
7398,152.4
7399,152.4
7400,152.4
7401,152.4
7402,152.4
7403,152.4
7404,152.4
7405,152.4
7406,152.4
7407,152.4
7408,152.4
7409,152.4
7410,152.4
7411,152.4
7412,152.4
7413,152.4
7414,152.4
7415,152.4
7416,152.4
7417,152.4
7418,152.4
7419,157
7420,157
7421,157
7422,157
7423,157
7424,157
7425,157
7426,157
7427,157
7428,157
7429,157
7430,157
7431,157
7432,157
7433,157
7434,157
7435,157
7436,157
7437,157
7438,157
7439,157
7440,157
7441,157
7442,157
7443,157
7444,157
7445,157
7446,157
7447,157
7448,157
7449,157
7450,157
7451,160.7
7452,160.7
7453,160.7
7454,160.7
7455,160.7
7456,160.7
7457,160.7
7458,160.7
7459,160.7
7460,160.7
7461,160.7
7462,160.7
7463,160.7
7464,160.7
7465,160.7
7466,160.7
7467,160.7
7468,160.7
7469,160.7
7470,160.7
7471,160.7
7472,160.7
7473,160.7
7474,160.7
7475,160.7
7476,160.7
7477,160.7
7478,160.7
7479,160.7
7480,160.7
7481,160.7
7482,160.7
7483,163.9
7484,163.9
7485,163.9
7486,163.9
7487,163.9
7488,163.9
7489,163.9
7490,163.9
7491,163.9
7492,163.9
7493,163.9
7494,163.9
7495,163.9
7496,163.9
7497,163.9
7498,163.9
7499,163.9
7500,163.9
7501,163.9
7502,163.9
7503,163.9
7504,163.9
7505,163.9
7506,163.9
7507,163.9
7508,163.9
7509,163.9
7510,163.9
7511,163.9
7512,163.9
7513,163.9
7514,163.9
7515,165.1
7516,165.1
7517,165.1
7518,165.1
7519,165.1
7520,165.1
7521,165.1
7522,165.1
7523,165.1
7524,165.1
7525,165.1
7526,165.1
7527,165.1
7528,165.1
7529,165.1
7530,165.1
7531,165.1
7532,165.1
7533,165.1
7534,165.1
7535,165.1
7536,165.1
7537,165.1
7538,165.1
7539,168.4
7540,168.4
7541,168.4
7542,168.4
7543,168.4
7544,168.4
7545,168.4
7546,168.4
7547,168.4
7548,168.4
7549,168.4
7550,168.4
7551,168.4
7552,168.4
7553,168.4
7554,168.4
7555,168.4
7556,168.4
7557,168.4
7558,168.4
7559,168.4
7560,168.4
7561,168.4
7562,168.4
7563,350
7564,350
7565,350
7566,350
7567,350
7568,350
7569,350
7570,350
7571,350
7572,350
7573,350
7574,350
7575,350
7576,350
7577,350
7578,350
7579,350
7580,350
7581,310
7582,310
7583,310
7584,310
7585,310
7586,310
7587,310
7588,310
7589,310
7590,310
7591,310
7592,310
7593,310
7594,310
7595,310
7596,310
7597,310
7598,310
7599,310
7600,310
7601,310
7602,281.3
7603,281.3
7604,281.3
7605,281.3
7606,281.3
7607,281.3
7608,281.3
7609,281.3
7610,281.3
7611,281.3
7612,281.3
7613,281.3
7614,281.3
7615,281.3
7616,281.3
7617,281.3
7618,281.3
7619,281.3
7620,281.3
7621,281.3
7622,281.3
7623,229.9
7624,229.9
7625,229.9
7626,229.9
7627,229.9
7628,229.9
7629,229.9
7630,229.9
7631,229.9
7632,229.9
7633,229.9
7634,229.9
7635,229.9
7636,229.9
7637,229.9
7638,229.9
7639,229.9
7640,229.9
7641,229.9
7642,229.9
7643,229.9
7644,228.6
7645,228.6
7646,228.6
7647,228.6
7648,228.6
7649,228.6
7650,228.6
7651,228.6
7652,228.6
7653,228.6
7654,228.6
7655,228.6
7656,228.6
7657,228.6
7658,228.6
7659,228.6
7660,228.6
7661,228.6
7662,219.9
7663,219.9
7664,219.9
7665,219.9
7666,219.9
7667,219.9
7668,219.9
7669,219.9
7670,219.9
7671,219.9
7672,219.9
7673,219.9
7674,219.9
7675,219.9
7676,219.9
7677,219.9
7678,219.9
7679,219.9
7680,219.9
7681,219.9
7682,219.9
7683,216.7
7684,216.7
7685,216.7
7686,216.7
7687,216.7
7688,216.7
7689,216.7
7690,216.7
7691,216.7
7692,216.7
7693,216.7
7694,216.7
7695,216.7
7696,216.7
7697,216.7
7698,216.7
7699,216.7
7700,216.7
7701,209.9
7702,209.9
7703,209.9
7704,209.9
7705,209.9
7706,209.9
7707,209.9
7708,209.9
7709,209.9
7710,209.9
7711,209.9
7712,209.9
7713,209.9
7714,209.9
7715,209.9
7716,209.9
7717,209.9
7718,209.9
7719,209.9
7720,209.9
7721,209.9
7722,199
7723,199
7724,199
7725,199
7726,199
7727,199
7728,199
7729,199
7730,199
7731,199
7732,199
7733,199
7734,199
7735,199
7736,199
7737,199
7738,199
7739,199
7740,199
7741,199
7742,199
7743,182.4
7744,182.4
7745,182.4
7746,182.4
7747,182.4
7748,182.4
7749,182.4
7750,182.4
7751,182.4
7752,182.4
7753,182.4
7754,182.4
7755,182.4
7756,182.4
7757,182.4
7758,182.4
7759,182.4
7760,182.4
7761,182.4
7762,182.4
7763,182.4
7764,172.7
7765,172.7
7766,172.7
7767,172.7
7768,172.7
7769,172.7
7770,172.7
7771,172.7
7772,172.7
7773,172.7
7774,172.7
7775,172.7
7776,172.7
7777,172.7
7778,172.7
7779,172.7
7780,172.7
7781,172.7
7782,172.7
7783,172.7
7784,172.7
7785,162.5
7786,162.5
7787,162.5
7788,162.5
7789,162.5
7790,162.5
7791,162.5
7792,162.5
7793,162.5
7794,162.5
7795,162.5
7796,162.5
7797,162.5
7798,162.5
7799,162.5
7800,162.5
7801,162.5
7802,162.5
7803,161.5
7804,161.5
7805,161.5
7806,161.5
7807,161.5
7808,161.5
7809,161.5
7810,161.5
7811,161.5
7812,161.5
7813,161.5
7814,161.5
7815,161.5
7816,161.5
7817,161.5
7818,161.5
7819,161.5
7820,161.5
7821,161.5
7822,161.5
7823,161.5
7824,153
7825,153
7826,153
7827,153
7828,153
7829,153
7830,153
7831,153
7832,153
7833,153
7834,153
7835,153
7836,153
7837,153
7838,153
7839,153
7840,153
7841,153
7842,153
7843,153
7844,153
7845,146.8
7846,146.8
7847,146.8
7848,146.8
7849,146.8
7850,146.8
7851,146.8
7852,146.8
7853,146.8
7854,146.8
7855,146.8
7856,146.8
7857,146.8
7858,146.8
7859,146.8
7860,145
7861,145
7862,145
7863,145
7864,145
7865,145
7866,145
7867,145
7868,145
7869,145
7870,145
7871,145
7872,145
7873,145
7874,145
7875,145
7876,145
7877,145
7878,145
7879,145
7880,145
7881,144.4
7882,144.4
7883,144.4
7884,144.4
7885,144.4
7886,144.4
7887,144.4
7888,144.4
7889,144.4
7890,144.4
7891,144.4
7892,144.4
7893,144.4
7894,144.4
7895,144.4
7896,144.4
7897,144.4
7898,144.4
7899,144.4
7900,144.4
7901,144.4
7902,144.4
7903,144.4
7904,144.4
7905,144.4
7906,144.4
7907,144.4
7908,144.4
7909,144.4
7910,144.4
7911,144.4
7912,144.4
7913,144.4
7914,144.4
7915,144.4
7916,144.4
7917,140.9
7918,140.9
7919,140.9
7920,140.9
7921,140.9
7922,140.9
7923,140.9
7924,140.9
7925,140.9
7926,140.9
7927,140.9
7928,140.9
7929,140.9
7930,140.9
7931,140.9
7932,140.9
7933,140.9
7934,140.9
7935,140.9
7936,140.9
7937,140.9
7938,137.5
7939,137.5
7940,137.5
7941,137.5
7942,137.5
7943,137.5
7944,137.5
7945,137.5
7946,137.5
7947,137.5
7948,137.5
7949,137.5
7950,137.5
7951,137.5
7952,137.5
7953,137.5
7954,137.5
7955,137.5
7956,134.1
7957,134.1
7958,134.1
7959,134.1
7960,134.1
7961,134.1
7962,134.1
7963,134.1
7964,134.1
7965,134.1
7966,134.1
7967,134.1
7968,134.1
7969,134.1
7970,134.1
7971,134.1
7972,134.1
7973,134.1
7974,134.1
7975,134.1
7976,134.1
7977,133.3
7978,133.3
7979,133.3
7980,133.3
7981,133.3
7982,133.3
7983,133.3
7984,133.3
7985,133.3
7986,133.3
7987,133.3
7988,133.3
7989,133.3
7990,133.3
7991,133.3
7992,133.3
7993,133.3
7994,133.3
7995,130
7996,130
7997,130
7998,130
7999,130
8000,130
8001,130
8002,130
8003,130
8004,130
8005,130
8006,130
8007,130
8008,130
8009,130
8010,130
8011,130
8012,130
8013,130
8014,130
8015,130
8016,130
8017,130
8018,130
8019,130
8020,130
8021,130
8022,130
8023,130
8024,130
8025,130
8026,130
8027,130
8028,130
8029,130
8030,130
8031,130
8032,130
8033,130
8034,130
8035,130
8036,130
8037,130
8038,130
8039,130
8040,130
8041,130
8042,130
8043,130
8044,130
8045,130
8046,130
8047,130
8048,130
8049,128.6
8050,128.6
8051,128.6
8052,128.6
8053,128.6
8054,128.6
8055,128.6
8056,128.6
8057,128.6
8058,128.6
8059,128.6
8060,128.6
8061,128.6
8062,128.6
8063,128.6
8064,128.6
8065,128.6
8066,128.6
8067,127.3
8068,127.3
8069,127.3
8070,127.3
8071,127.3
8072,127.3
8073,127.3
8074,127.3
8075,127.3
8076,127.3
8077,127.3
8078,127.3
8079,127.3
8080,127.3
8081,127.3
8082,127.3
8083,127.3
8084,127.3
8085,126.8
8086,126.8
8087,126.8
8088,126.8
8089,126.8
8090,126.8
8091,126.8
8092,126.8
8093,126.8
8094,126.8
8095,126.8
8096,126.8
8097,126.8
8098,126.8
8099,126.8
8100,126.8
8101,126.8
8102,126.8
8103,126.8
8104,126.8
8105,126.8
8106,125.1
8107,125.1
8108,125.1
8109,125.1
8110,125.1
8111,125.1
8112,125.1
8113,125.1
8114,125.1
8115,125.1
8116,125.1
8117,125.1
8118,125.1
8119,125.1
8120,125.1
8121,122.2
8122,122.2
8123,122.2
8124,122.2
8125,122.2
8126,122.2
8127,122.2
8128,122.2
8129,122.2
8130,122.2
8131,122.2
8132,122.2
8133,122.2
8134,122.2
8135,122.2
8136,122.2
8137,122.2
8138,122.2
8139,121.8
8140,121.8
8141,121.8
8142,121.8
8143,121.8
8144,121.8
8145,121.8
8146,121.8
8147,121.8
8148,121.8
8149,121.8
8150,121.8
8151,121.8
8152,121.8
8153,121.8
8154,121.8
8155,121.8
8156,121.8
8157,121.8
8158,121.8
8159,121.8
8160,121.3
8161,121.3
8162,121.3
8163,121.3
8164,121.3
8165,121.3
8166,121.3
8167,121.3
8168,121.3
8169,121.3
8170,121.3
8171,121.3
8172,121.3
8173,121.3
8174,121.3
8175,121.3
8176,121.3
8177,121.3
8178,121.3
8179,121.3
8180,121.3
8181,119.8
8182,119.8
8183,119.8
8184,119.8
8185,119.8
8186,119.8
8187,119.8
8188,119.8
8189,119.8
8190,119.8
8191,119.8
8192,119.8
8193,119.8
8194,119.8
8195,119.8
8196,117.5
8197,117.5
8198,117.5
8199,117.5
8200,117.5
8201,117.5
8202,117.5
8203,117.5
8204,117.5
8205,117.5
8206,117.5
8207,117.5
8208,117.5
8209,117.5
8210,117.5
8211,116.6
8212,116.6
8213,116.6
8214,116.6
8215,116.6
8216,116.6
8217,116.6
8218,116.6
8219,116.6
8220,116.6
8221,116.6
8222,116.6
8223,116.6
8224,116.6
8225,116.6
8226,116.5
8227,116.5
8228,116.5
8229,116.5
8230,116.5
8231,116.5
8232,116.5
8233,116.5
8234,116.5
8235,116.5
8236,116.5
8237,116.5
8238,116.5
8239,116.5
8240,116.5
8241,116.5
8242,116.5
8243,116.5
8244,116.5
8245,116.5
8246,116.5
8247,114.5
8248,114.5
8249,114.5
8250,114.5
8251,114.5
8252,114.5
8253,114.5
8254,114.5
8255,114.5
8256,114.5
8257,114.5
8258,114.5
8259,114.5
8260,114.5
8261,114.5
8262,114.5
8263,114.5
8264,114.5
8265,114.5
8266,114.5
8267,114.5
8268,113
8269,113
8270,113
8271,113
8272,113
8273,113
8274,113
8275,113
8276,113
8277,113
8278,113
8279,113
8280,113
8281,113
8282,113
8283,113
8284,113
8285,113
8286,113
8287,113
8288,113
8289,112.8
8290,112.8
8291,112.8
8292,112.8
8293,112.8
8294,112.8
8295,112.8
8296,112.8
8297,112.8
8298,112.8
8299,112.8
8300,112.8
8301,112.8
8302,112.8
8303,112.8
8304,112.8
8305,112.8
8306,112.8
8307,112.8
8308,112.8
8309,112.8
8310,111.5
8311,111.5
8312,111.5
8313,111.5
8314,111.5
8315,111.5
8316,111.5
8317,111.5
8318,111.5
8319,111.5
8320,111.5
8321,111.5
8322,111.5
8323,111.5
8324,111.5
8325,111.5
8326,111.5
8327,111.5
8328,111.5
8329,111.5
8330,111.5
8331,108.8
8332,108.8
8333,108.8
8334,108.8
8335,108.8
8336,108.8
8337,108.8
8338,108.8
8339,108.8
8340,108.8
8341,108.8
8342,108.8
8343,108.8
8344,108.8
8345,108.8
8346,108.8
8347,108.8
8348,108.8
8349,108.8
8350,108.8
8351,108.8
8352,107.1
8353,107.1
8354,107.1
8355,107.1
8356,107.1
8357,107.1
8358,107.1
8359,107.1
8360,107.1
8361,107.1
8362,107.1
8363,107.1
8364,107.1
8365,107.1
8366,107.1
8367,107.1
8368,107.1
8369,107.1
8370,107.1
8371,107.1
8372,107.1
8373,106.7
8374,106.7
8375,106.7
8376,106.7
8377,106.7
8378,106.7
8379,106.7
8380,106.7
8381,106.7
8382,106.7
8383,106.7
8384,106.7
8385,106.7
8386,106.7
8387,106.7
8388,105.9
8389,105.9
8390,105.9
8391,105.9
8392,105.9
8393,105.9
8394,105.9
8395,105.9
8396,105.9
8397,105.9
8398,105.9
8399,105.9
8400,105.9
8401,105.9
8402,105.9
8403,105.7
8404,105.7
8405,105.7
8406,105.7
8407,105.7
8408,105.7
8409,105.7
8410,105.7
8411,105.7
8412,105.7
8413,105.7
8414,105.7
8415,105.7
8416,105.7
8417,105.7
8418,105
8419,105
8420,105
8421,105
8422,105
8423,105
8424,105
8425,105
8426,105
8427,105
8428,105
8429,105
8430,105
8431,105
8432,105
8433,103.4
8434,103.4
8435,103.4
8436,103.4
8437,103.4
8438,103.4
8439,103.4
8440,103.4
8441,103.4
8442,103.4
8443,103.4
8444,103.4
8445,103.4
8446,103.4
8447,103.4
8448,100.5
8449,100.5
8450,100.5
8451,100.5
8452,100.5
8453,100.5
8454,100.5
8455,100.5
8456,100.5
8457,100.5
8458,100.5
8459,100.5
8460,100.5
8461,100.5
8462,100.5
8463,100.5
8464,100.5
8465,100.5
8466,100.5
8467,100.5
8468,100.5
8469,100.4
8470,100.4
8471,100.4
8472,100.4
8473,100.4
8474,100.4
8475,100.4
8476,100.4
8477,100.4
8478,100.4
8479,100.4
8480,100.4
8481,100.4
8482,100.4
8483,100.4
8484,100
8485,100
8486,100
8487,100
8488,100
8489,100
8490,100
8491,100
8492,100
8493,100
8494,100
8495,100
8496,100
8497,100
8498,100
8499,96.2
8500,96.2
8501,96.2
8502,96.2
8503,96.2
8504,96.2
8505,96.2
8506,96.2
8507,96.2
8508,96.2
8509,96.2
8510,96.2
8511,96.2
8512,96.2
8513,96.2
8514,93.5
8515,93.5
8516,93.5
8517,93.5
8518,93.5
8519,93.5
8520,93.5
8521,93.5
8522,93.5
8523,93.5
8524,93.5
8525,93.5
8526,93.5
8527,93.5
8528,93.5
8529,93.5
8530,93.5
8531,93.5
8532,93.5
8533,93.5
8534,93.5
8535,90.9
8536,90.9
8537,90.9
8538,90.9
8539,90.9
8540,90.9
8541,90.9
8542,90.9
8543,90.9
8544,90.9
8545,90.9
8546,90.9
8547,90.9
8548,90.9
8549,90.9
8550,90.9
8551,90.9
8552,90.9
8553,90.9
8554,90.9
8555,90.9
8556,90.9
8557,90.9
8558,90.9
8559,90.9
8560,90.9
8561,90.9
8562,90.9
8563,90.9
8564,90.9
8565,86.5
8566,86.5
8567,86.5
8568,86.5
8569,86.5
8570,86.5
8571,86.5
8572,86.5
8573,86.5
8574,86.5
8575,86.5
8576,86.5
8577,86.5
8578,86.5
8579,86.5
8580,86.5
8581,86.5
8582,86.5
8583,86.5
8584,86.5
8585,86.5
8586,82
8587,82
8588,82
8589,82
8590,82
8591,82
8592,82
8593,82
8594,82
8595,82
8596,82
8597,82
8598,82
8599,82
8600,82
8601,80.6
8602,80.6
8603,80.6
8604,80.6
8605,80.6
8606,80.6
8607,80.6
8608,80.6
8609,80.6
8610,80.6
8611,80.6
8612,80.6
8613,80.6
8614,80.6
8615,80.6
8616,79.5
8617,79.5
8618,79.5
8619,79.5
8620,79.5
8621,79.5
8622,79.5
8623,79.5
8624,79.5
8625,79.5
8626,79.5
8627,79.5
8628,79.5
8629,79.5
8630,79.5
8631,79.5
8632,79.5
8633,79.5
8634,79.5
8635,79.5
8636,79.5
8637,72.6
8638,72.6
8639,72.6
8640,72.6
8641,72.6
8642,72.6
8643,72.6
8644,72.6
8645,72.6
8646,72.6
8647,72.6
8648,72.6
8649,72.6
8650,72.6
8651,72.6
8652,72.6
8653,72.6
8654,72.6
8655,72.6
8656,72.6
8657,72.6
8658,71.6
8659,71.6
8660,71.6
8661,71.6
8662,71.6
8663,71.6
8664,71.6
8665,71.6
8666,71.6
8667,71.6
8668,71.6
8669,71.6
8670,71.6
8671,71.6
8672,71.6
8673,65.5
8674,65.5
8675,65.5
8676,65.5
8677,65.5
8678,65.5
8679,65.5
8680,65.5
8681,65.5
8682,65.5
8683,65.5
8684,65.5
8685,65.5
8686,65.5
8687,65.5
8688,65.5
8689,65.5
8690,65.5
8691,65.5
8692,65.5
8693,65.5
8694,63.6
8695,63.6
8696,63.6
8697,63.6
8698,63.6
8699,63.6
8700,63.6
8701,63.6
8702,63.6
8703,63.6
8704,63.6
8705,63.6
8706,63.6
8707,63.6
8708,63.6